# BPmag  e_BPmag  RPmag  e_RPmag  Gmag  e_Gmag  GABS  e_GABS
1.812839999999999918e+01 1.571259044862518064e-02 1.521160000000000068e+01 3.430241374952609432e-03 1.647100000000000009e+01 7.985554893610760218e-04 1.151676665953854162e+01 1.255078411244259576e-02
2.107199999999999918e+01 1.172505399568034568e-01 1.747070000000000078e+01 1.569895893580103979e-02 1.894859999999999900e+01 2.347190695462308269e-03 1.401088789100386656e+01 5.136843091055514482e-02
1.975159999999999982e+01 4.117330299582858816e-02 1.630740000000000123e+01 3.532585000813404444e-03 1.765009999999999835e+01 9.177154738861793663e-04 1.290856320899018428e+01 1.783455897001039528e-02
1.790099999999999980e+01 1.037298175217349697e-02 1.491549999999999976e+01 1.574083739271630667e-03 1.617249999999999943e+01 8.427302927753112412e-04 1.151602609845970626e+01 9.868292673031325846e-03
1.753269999999999840e+01 1.101156186612576096e-02 1.463299999999999912e+01 1.592204249827689844e-03 1.587930000000000064e+01 6.275627279505689845e-04 1.112790911076217704e+01 7.906771346360473227e-03
6.489200000000000301e+00 6.654286484763795003e-04 6.296400000000000219e+00 5.813339615670862215e-04 6.429599999999999760e+00 2.989125347575915886e-04 1.818800513674967867e+00 2.615630633411457004e-02
1.736179999999999879e+01 5.898516868582604628e-03 1.456320000000000014e+01 1.675550548619577328e-03 1.577960000000000029e+01 6.649029658344202381e-04 1.101733716539317598e+01 6.739782697509718104e-03
5.768299999999999983e+00 1.188042324568602294e-03 5.656100000000000350e+00 1.135782580496683819e-03 5.739700000000000024e+00 5.500537013394937507e-04 9.948834757060653899e-01 9.846564017881255862e-03
1.792930000000000135e+01 1.036011450381679397e-02 1.496119999999999983e+01 1.737045036397088247e-03 1.621109999999999829e+01 6.127927124546362183e-04 1.162879225615069601e+01 9.956304845676210505e-03
1.827700000000000102e+01 1.854697642637512592e-02 1.522020000000000017e+01 2.158657574010377882e-03 1.649859999999999971e+01 6.656448676054956513e-04 1.175706320899018564e+01 1.389802779800729422e-02
1.674660000000000082e+01 5.288038184297681396e-03 1.400319999999999965e+01 1.461528106827482106e-03 1.521460000000000079e+01 7.913787573981748017e-04 1.057180063588943852e+01 7.213014134134301987e-03
1.837109999999999843e+01 1.360576441102756898e-02 1.527679999999999971e+01 1.956605575678938697e-03 1.654820000000000135e+01 8.465214916692006143e-04 1.196463784663641583e+01 1.013989628837937140e-02
2.072860000000000014e+01 9.746319569120286130e-02 1.708859999999999957e+01 7.013371229248756278e-03 1.856090000000000018e+01 1.693478701667368519e-03 1.386665390464274417e+01 3.716037380163060566e-02
1.947650000000000148e+01 3.471035805626598164e-02 1.608249999999999957e+01 3.691737504250254456e-03 1.741779999999999973e+01 1.290795824714078459e-03 1.274569857364224212e+01 1.796527992020777870e-02
2.082489999999999952e+01 8.469110764430576310e-02 1.708770000000000167e+01 8.333896223518575536e-03 1.853910000000000124e+01 1.560038507406928242e-03 1.378867717836749129e+01 3.671861161568844290e-02
1.924249999999999972e+01 3.207503692762185554e-02 1.597390000000000043e+01 3.154661940320190212e-03 1.727560000000000073e+01 9.608573678947227893e-04 1.260050910848652883e+01 1.335996679973114158e-02
1.558239999999999981e+01 1.962298933670703158e-03 1.305359999999999943e+01 7.709086261617875127e-04 1.420839999999999925e+01 3.574370302577388600e-04 9.422261687488369120e+00 3.697113733747268375e-03
1.213460000000000072e+01 5.791354626725553692e-04 1.075699999999999967e+01 4.030215293244246129e-04 1.151219999999999999e+01 2.459463500160832079e-04 6.859060271542572806e+00 4.983135278919005595e-03
1.938390000000000057e+01 4.000515843773028157e-02 1.599549999999999983e+01 4.455963227448083222e-03 1.732000000000000028e+01 1.102363643747715592e-03 1.264378699714839804e+01 2.230692104902670669e-02
1.229780000000000051e+01 5.549541260957345208e-04 1.087770000000000081e+01 3.469250162160780033e-04 1.166329999999999956e+01 3.491058050327003315e-04 6.929460744202511790e+00 6.262518231001791384e-03
2.146529999999999916e+01 1.591994134897360413e-01 1.816659999999999897e+01 1.563565668202765088e-02 1.973089999999999833e+01 2.937369802234667156e-03 1.521214691594805579e+01 6.445257851328763110e-02
1.754289999999999949e+01 8.751027645683888065e-03 1.469040000000000035e+01 2.004023773487393235e-03 1.591990000000000016e+01 5.510727173984762348e-04 1.120975115855352655e+01 7.775896059478775227e-03
1.041810000000000080e+01 1.784611844376140155e-03 9.507099999999999440e+00 1.243531742850270856e-03 1.004679999999999929e+01 6.160541531198756053e-04 5.298118613228979257e+00 1.048381234280700187e-02
1.896249999999999858e+01 2.561915998112316781e-02 1.572649999999999970e+01 4.515074645485923389e-03 1.702349999999999852e+01 9.668037969047746111e-04 1.240159972964387691e+01 1.804064330251013704e-02
1.923860000000000170e+01 3.356228748068006140e-02 1.592019999999999946e+01 2.806254846213491853e-03 1.723000000000000043e+01 8.668790470031217509e-04 1.250861133241788181e+01 1.628668735632887374e-02
1.909489999999999910e+01 2.557089024964672580e-02 1.560899999999999999e+01 2.735412677617655563e-03 1.696120000000000161e+01 7.663650352217061656e-04 1.224305589737764599e+01 1.412983806140420337e-02
1.542130000000000045e+01 1.930479001457985127e-03 1.298869999999999969e+01 9.893839018033697558e-04 1.411700000000000088e+01 4.043754515862315203e-04 9.550578319724413845e+00 3.470252923323599061e-03
9.765599999999999170e+00 8.822420489818469944e-04 8.966100000000000847e+00 6.450144955087685258e-04 9.450599999999999667e+00 2.784341381476875010e-04 4.788186009518376807e+00 2.583933188524283921e-03
2.120260000000000034e+01 1.117016460905349701e-01 1.769119999999999848e+01 9.532396839332747673e-03 1.921499999999999986e+01 2.341622274462440857e-03 1.455778447536181552e+01 4.808905010405049169e-02
2.025840000000000174e+01 8.096495152870991641e-02 1.685589999999999833e+01 7.474459589701225488e-03 1.827359999999999829e+01 1.336788968234424923e-03 1.354647377647411233e+01 3.036379393334530039e-02
2.031200000000000117e+01 8.848736756316218088e-02 1.680709999999999837e+01 5.290099395829272501e-03 1.824409999999999954e+01 1.511730552345414173e-03 1.358447244953824118e+01 2.826199004585450841e-02
1.629520000000000124e+01 8.399659600804579990e-03 1.344800000000000040e+01 4.513948364029434467e-03 1.470330000000000048e+01 6.377851923212480992e-04 1.015758697990766990e+01 4.734186289151611979e-03
1.837719999999999843e+01 1.199315144151110075e-02 1.530860000000000021e+01 1.492918626075956249e-03 1.658289999999999864e+01 6.282454099906839128e-04 1.177361544984971076e+01 1.114954316220029447e-02
1.579260000000000019e+01 2.996302020090517524e-03 1.328149999999999942e+01 1.238990768107176748e-03 1.443200000000000038e+01 5.586490421968500018e-04 9.818294318464740655e+00 3.541380097353421120e-03
1.513659999999999961e+01 2.452098107412258986e-03 1.286860000000000070e+01 1.479794469204453924e-03 1.395400000000000063e+01 3.738825603658452201e-04 9.232611332417882011e+00 3.456360946126496060e-03
1.414719999999999978e+01 1.743656452752617844e-03 1.212509999999999977e+01 8.621774001429365758e-04 1.313439999999999941e+01 4.455652359475863189e-04 8.324120776015492496e+00 7.866382793841070892e-03
1.601760000000000161e+01 2.321296474461762016e-03 1.345149999999999935e+01 9.130924748545093429e-04 1.461749999999999972e+01 3.926826357267634328e-04 9.921744365194037130e+00 1.159828022361340805e-02
2.175560000000000116e+01 3.102114285714285269e-01 1.882389999999999830e+01 4.669849462365591175e-02 2.035729999999999862e+01 6.330845481049562039e-03 1.585811844483021993e+01 1.112453932070900653e-01
9.769999999999999574e+00 1.396863380807184104e-03 8.960300000000000153e+00 8.854221033402922365e-04 9.449999999999999289e+00 4.190590142421551987e-04 4.833384228528213811e+00 2.907815024010516457e-03
1.573199999999999932e+01 3.489105983675043054e-03 1.333750000000000036e+01 1.238058314423526275e-03 1.445420000000000016e+01 5.545912868475223008e-04 9.667077562200953267e+00 4.927458006069772301e-03
1.695139999999999958e+01 4.817802626908057953e-03 1.422439999999999927e+01 1.781507916974320793e-03 1.542440000000000033e+01 8.254443717974059526e-04 1.075136480780995818e+01 7.069913634275544999e-03
1.033079999999999998e+01 1.193881814783048475e-03 9.414600000000000080e+00 8.311948799608034942e-04 9.958099999999999952e+00 3.582957406716848572e-04 5.320268629841939045e+00 3.077347999330670540e-03
1.575820000000000043e+01 4.818657908751996892e-03 1.313829999999999920e+01 2.404579983611277068e-03 1.455209999999999937e+01 1.740191050134632647e-03 9.942389334895933573e+00 1.514405157090068822e-02
1.588189999999999991e+01 3.908069973364048343e-03 1.325539999999999985e+01 1.516672021456409508e-03 1.488230000000000075e+01 1.752918193706711272e-03 1.031658957829923651e+01 4.863283042457931110e-02
1.167950000000000088e+01 1.053564150833543461e-03 1.045609999999999928e+01 8.848880992355212917e-04 1.114320000000000022e+01 3.327561318716344588e-04 6.383854635144837530e+00 3.421535842427039873e-03
1.069299999999999962e+01 2.004985965430639439e-03 9.727999999999999758e+00 1.183084165104824823e-03 1.029540000000000077e+01 5.269482583732522200e-04 5.537803237367512565e+00 3.138335526487075200e-03
1.347369999999999912e+01 1.076898661985102113e-03 1.168890000000000029e+01 6.552167379772731726e-04 1.260590000000000011e+01 2.688579961073113856e-04 7.929686997148397865e+00 4.170912552113932407e-03
1.494289999999999985e+01 3.636345368075557475e-03 1.245330000000000048e+01 1.057772495226218549e-03 1.363640000000000008e+01 1.722822551213087482e-03 8.769679069385215797e+00 5.225769922344504492e-02
1.682669999999999888e+01 5.592562068610281226e-03 1.401469999999999949e+01 2.000073685180067846e-03 1.531259999999999977e+01 1.721102022699892058e-03 1.066001546967305735e+01 2.681057871735708850e-02
1.794549999999999912e+01 2.470398179749715151e-02 1.498199999999999932e+01 5.108643485625558381e-03 1.629830000000000112e+01 9.920779232645898435e-04 1.151786083550627104e+01 1.208163895561689162e-02
1.609420000000000073e+01 7.165181812182405165e-03 1.354020000000000046e+01 4.020812502314557481e-03 1.471390000000000065e+01 1.089094410785218427e-03 9.946570913754849030e+00 5.476134319569661221e-03
1.762750000000000128e+01 1.129449703526474481e-02 1.476670000000000016e+01 1.800952112395707086e-03 1.601960000000000051e+01 8.266384456084783757e-04 1.133664212487972733e+01 1.253221159697626326e-02
1.603300000000000125e+01 4.250636182124260462e-03 1.360040000000000049e+01 1.310046091845845639e-03 1.472749999999999915e+01 6.105116367991632017e-04 1.000992796475557789e+01 6.655541201476176082e-03
2.191219999999999857e+01 2.478858447488584416e-01 1.848590000000000089e+01 2.968124658283214853e-02 2.003049999999999997e+01 5.445035105315946915e-03 1.516582031075522607e+01 1.250715884237422471e-01
1.384529999999999994e+01 1.463044562126908322e-03 1.191849999999999987e+01 9.734697354146306953e-04 1.288840000000000074e+01 4.388707891056371204e-04 8.311281389671655973e+00 3.406237068819227120e-03
1.543709999999999916e+01 4.826369132290184508e-03 1.305330000000000013e+01 2.054419194308312099e-03 1.417120000000000068e+01 8.576822813808356429e-04 9.450957026645751213e+00 4.925977238193590506e-03
8.648699999999999832e+00 5.912521646318219656e-04 8.026300000000000878e+00 3.498268168124626866e-04 8.419200000000000017e+00 2.064344641780856940e-04 3.765875173949696730e+00 5.390523764277815010e-03
8.687400000000000233e+00 5.518626010846747329e-04 8.066499999999999559e+00 4.259273788601556396e-04 8.457399999999999807e+00 2.225492708023736079e-04 3.772377005932336047e+00 4.665308605035419290e-03
1.050999999999999979e+01 1.416971183963249090e-03 9.550399999999999778e+00 7.173655938844143839e-04 1.011320000000000086e+01 3.838490256526288559e-04 5.502944992530139245e+00 2.745390117398884781e-03
1.181310000000000038e+01 1.282259016935540863e-03 1.053059999999999974e+01 7.335535872333813490e-04 1.124409999999999954e+01 4.649013881871354712e-04 6.613607791571034511e+00 3.262568345415504337e-03
1.529599999999999937e+01 3.169581083053568671e-03 1.301469999999999949e+01 1.499972369584438381e-03 1.410289999999999999e+01 4.613397352822452011e-04 9.372707536572500331e+00 4.181300733491522502e-03
1.370229999999999926e+01 1.240647210731997060e-03 1.187030000000000030e+01 9.470782704268105711e-04 1.280470000000000041e+01 3.382230626174017327e-04 8.065282752749991957e+00 4.807447947849814544e-03
6.295099999999999696e+00 7.795488160369907181e-04 6.093600000000000350e+00 9.931759970728136402e-04 6.230500000000000149e+00 3.124269821994831841e-04 1.594505747049246303e+00 5.928599046109934122e-03
1.642859999999999943e+01 6.205647005029720463e-03 1.383469999999999978e+01 2.012269256431166355e-03 1.500799999999999912e+01 8.590802633244714074e-04 1.044228957829923488e+01 5.319829686176493107e-03
1.639179999999999993e+01 4.619777040251893223e-03 1.378979999999999961e+01 1.413558306969235276e-03 1.496180000000000021e+01 7.785593919185400044e-04 1.021505190431957111e+01 5.774652175401291491e-03
1.943179999999999907e+01 5.417864271457085990e-02 1.606429999999999936e+01 5.537229702162382340e-03 1.739870000000000161e+01 1.309698431845597024e-03 1.273144769380967034e+01 2.075753364169020260e-02
1.430250000000000021e+01 2.630821419917615638e-03 1.201409999999999911e+01 1.563115462136481330e-03 1.355540000000000056e+01 1.226589242744331515e-03 9.060524701763474908e+00 3.388403102107870324e-02
8.530200000000000671e+00 4.246795561309702318e-04 7.801899999999999835e+00 3.034352851745031093e-04 8.250999999999999446e+00 2.344747458168844659e-04 3.678523197132488320e+00 3.939389502727504329e-03
1.940640000000000143e+01 5.778286322511974604e-02 1.605659999999999954e+01 4.420045595179938371e-03 1.740399999999999991e+01 1.230328166077418028e-03 1.266381224891523516e+01 1.923796468115542349e-02
8.353500000000000369e+00 3.015542372128160605e-04 7.778500000000000192e+00 2.234313360318887390e-04 8.144000000000000128e+00 1.635566883739987846e-04 3.470217505932319924e+00 4.689242351225139833e-03
1.613400000000000034e+01 3.640857114114214987e-03 1.340240000000000009e+01 1.506235866986667870e-03 1.460519999999999996e+01 7.022897800776196171e-04 9.994037451910283920e+00 7.810884715069963888e-03
2.164699999999999847e+01 1.338766954377312024e-01 1.770439999999999969e+01 1.293163411148165812e-02 1.920400000000000063e+01 2.864069218391411195e-03 1.459719019184836419e+01 5.661954717400994458e-02
9.001599999999999824e+00 9.118731470516599135e-04 8.323100000000000165e+00 7.013144721118753921e-04 8.745300000000000296e+00 3.449717697222725340e-04 4.090123329722235468e+00 3.546087652592758762e-03
1.222560000000000002e+01 9.900244373928584161e-04 1.075109999999999921e+01 7.049801960911628550e-04 1.154840000000000089e+01 3.909632024889362397e-04 7.030342733436834024e+00 5.983682982691978722e-03
1.817370000000000019e+01 1.242123326850474822e-02 1.518950000000000067e+01 3.192789507733929250e-03 1.645100000000000051e+01 9.794235713319200242e-04 1.172770049772090850e+01 1.300002028082638920e-02
1.688589999999999947e+01 5.732826442790010281e-03 1.409570000000000078e+01 1.479129202768241468e-03 1.531269999999999953e+01 5.472866028852842483e-04 1.067358172239483238e+01 6.602606307759798995e-03
1.048310000000000031e+01 1.650437029718020620e-03 9.515700000000000713e+00 1.106858867185907128e-03 1.009459999999999980e+01 5.752813513341669153e-04 5.452905617208939404e+00 6.115856131125895975e-03
1.391670000000000051e+01 1.673794070945164823e-03 1.200489999999999924e+01 7.859764440165340144e-04 1.296759999999999913e+01 3.760229685221806403e-04 8.267120279422027096e+00 5.251572421034609445e-03
1.527309999999999945e+01 2.635291262135922019e-03 1.277069999999999972e+01 9.873056288078566490e-04 1.391810000000000080e+01 4.872022687703049504e-04 9.328794156967239459e+00 5.148941334719214780e-03
6.286500000000000199e+00 1.130260980002290158e-03 6.140699999999999825e+00 8.024923131504256481e-04 6.243800000000000239e+00 3.932458520012894186e-04 1.587882149611099081e+00 7.665937064423483313e-03
1.665820000000000078e+01 1.016705684052813738e-02 1.392510000000000048e+01 3.560036723719587660e-03 1.512780000000000058e+01 1.641454380527628378e-03 1.050297862961095419e+01 6.794593796579940712e-03
1.477159999999999940e+01 2.224968236403130923e-03 1.263840000000000074e+01 1.091536056459801399e-03 1.367820000000000036e+01 5.099238218690412645e-04 8.905401699073872024e+00 3.299876871230067021e-03
1.448479999999999990e+01 1.362796535709802793e-03 1.243660000000000032e+01 6.535366242709154776e-04 1.344759999999999955e+01 3.261499086801883558e-04 8.684558511002217429e+00 3.325904893763991822e-03
1.839110000000000156e+01 1.639347727615883890e-02 1.527630000000000088e+01 2.290300805805172042e-03 1.656119999999999948e+01 8.026762281447527613e-04 1.192097805151490064e+01 1.143753806545659210e-02
1.578930000000000078e+01 3.577986488713132043e-03 1.331259999999999977e+01 1.213063103324991043e-03 1.445279999999999987e+01 5.214939624780257077e-04 9.739418526846423063e+00 5.499608762465135747e-03
1.667160000000000153e+01 3.444060269627279795e-03 1.400370000000000026e+01 1.622202300911400070e-03 1.519050000000000011e+01 5.882569662294317514e-04 1.055725851193450460e+01 6.533617042020135011e-03
2.069340000000000046e+01 1.759708265802268912e-01 1.699540000000000006e+01 1.151734379972419592e-02 1.853419999999999845e+01 2.427862254025044738e-03 1.396065289115032293e+01 3.408252810353536860e-02
5.450099999999999945e+00 1.493247146197221710e-03 5.368699999999999584e+00 1.847722128622725744e-03 5.430500000000000327e+00 9.023844945519825895e-04 8.404751263614915757e-01 2.183944945269896548e-02
9.909200000000000230e+00 2.658781467332745237e-03 8.921200000000000685e+00 1.869290498080333068e-03 9.500899999999999679e+00 7.584048728354789810e-04 4.784281075603304956e+00 3.103360324904600939e-03
1.861880000000000024e+01 2.219873236556941382e-02 1.543720000000000070e+01 2.278572927597061638e-03 1.672970000000000113e+01 9.931669121211843254e-04 1.216203305635791487e+01 1.348576330133791946e-02
1.872200000000000131e+01 3.254616306954436628e-02 1.544519999999999982e+01 4.522974380337429004e-03 1.677599999999999980e+01 1.485646260365069103e-03 1.210184375852872662e+01 1.519777864959635967e-02
1.480020000000000024e+01 3.091866955234081043e-03 1.243060000000000009e+01 1.843142580678017693e-03 1.354499999999999993e+01 5.410385843918336232e-04 8.832379579131270475e+00 7.907358284498186909e-03
1.622329999999999828e+01 3.682971506105834052e-03 1.350750000000000028e+01 1.425117475651694514e-03 1.470400000000000063e+01 6.436951972159147238e-04 1.008665609626906168e+01 5.210519048951037929e-03
2.008909999999999840e+01 6.323471170646474682e-02 1.616679999999999851e+01 6.808001003260596810e-03 1.760229999999999961e+01 1.525129933979491471e-03 1.285245781184200808e+01 3.366809690345529127e-02
1.515559999999999974e+01 3.478932359255343040e-03 1.285699999999999932e+01 1.937333832949699299e-03 1.395010000000000083e+01 8.047585516806877136e-04 9.354134021671811183e+00 4.766523470654266369e-03
1.522850000000000037e+01 2.269001692754592063e-03 1.293229999999999968e+01 1.228574014981781946e-03 1.402280000000000015e+01 4.868330784993340869e-04 9.349951593101845759e+00 3.850495027060669897e-03
1.494679999999999964e+01 2.366323039034064647e-03 1.268270000000000053e+01 1.166584291393574658e-03 1.376370000000000005e+01 5.076255575399978319e-04 9.177626851582250112e+00 3.550314827776390129e-03
1.904579999999999984e+01 3.925307302964569506e-02 1.583140000000000036e+01 4.128916945543048209e-03 1.713360000000000127e+01 9.276816076829746570e-04 1.245176772615392480e+01 1.685268163050420570e-02
2.051350000000000051e+01 1.393761232349165491e-01 1.696600000000000108e+01 8.652693656359579030e-03 1.840630000000000166e+01 1.935468919906590222e-03 1.383453644148428552e+01 3.487396940319825722e-02
1.320040000000000013e+01 1.200574998617791583e-03 1.151829999999999998e+01 7.089945016912848784e-04 1.239579999999999949e+01 3.435722987832855440e-04 7.640532518802457318e+00 3.740663786308072447e-03
5.094199999999999839e+00 7.944710307181221008e-04 4.231399999999999828e+00 2.971048598949211847e-03 4.736399999999999721e+00 7.213787879794563741e-04 1.044419422810332065e-01 1.822261283379220456e-02
1.801539999999999964e+01 1.328772488067555928e-02 1.502059999999999995e+01 2.384669448715132610e-03 1.627959999999999852e+01 6.398448918014237050e-04 1.159495262821480033e+01 1.072341536317097076e-02
1.687480000000000047e+01 7.413724820757938185e-03 1.407259999999999955e+01 3.024850950019501803e-03 1.528819999999999979e+01 1.259106353863459872e-03 1.064152876726863894e+01 6.703664182423518803e-03
1.984959999999999880e+01 4.216466019417475231e-02 1.630959999999999965e+01 4.351663326653306373e-03 1.768080000000000140e+01 1.357191964899561072e-03 1.309813392736943882e+01 2.253863669339180656e-02
9.190500000000000114e+00 1.042026968664523092e-03 8.416000000000000369e+00 1.085056414458890860e-03 8.929299999999999571e+00 1.096075996648394196e-03 4.197188935626412487e+00 2.862270056674183841e-02
1.670039999999999836e+01 6.036584009785387998e-03 1.391980000000000040e+01 2.215705481408921946e-03 1.513250000000000028e+01 8.412220009762370800e-04 1.053382813669922413e+01 6.794132732369922989e-03
1.673179999999999978e+01 7.535151641335276033e-03 1.384830000000000005e+01 1.845084544141388071e-03 1.510609999999999964e+01 1.322315458719506946e-03 1.043474529731174627e+01 2.632272082992725276e-02
1.722569999999999979e+01 1.076695755652518766e-02 1.447739999999999938e+01 3.592073049692317849e-03 1.568699999999999939e+01 1.068147608881718025e-03 1.085472188045473807e+01 1.081476243156411811e-02
1.046529999999999916e+01 9.332473783737319818e-04 9.539600000000000080e+00 6.103674887426004331e-04 1.008569999999999922e+01 3.359011484011483525e-04 5.353396982264118975e+00 4.081517029839487436e-03
1.408619999999999983e+01 1.991489205598048068e-03 1.215799999999999947e+01 9.431785605698647526e-04 1.312720000000000020e+01 5.451021934823100344e-04 8.287270170797530255e+00 4.719464705488246418e-03
1.986329999999999885e+01 7.766380543633762124e-02 1.634339999999999904e+01 7.459054685353118559e-03 1.773140000000000072e+01 2.021071834105842707e-03 1.299217533599782470e+01 4.163559052505424324e-02
1.845250000000000057e+01 4.363906752411575440e-02 1.538530000000000086e+01 6.872642106595771259e-03 1.664209999999999923e+01 1.190713283032110697e-03 1.189631790478459372e+01 1.292694654981562698e-02
1.604009999999999891e+01 5.609899762323033480e-03 1.332080000000000020e+01 2.715368263098661469e-03 1.452630000000000088e+01 9.669501714387496475e-04 9.829789201768059925e+00 8.281802160489522280e-03
1.900949999999999918e+01 3.880414581844174315e-02 1.561790000000000056e+01 6.181621498519699470e-03 1.695919999999999916e+01 2.237900898672602612e-03 1.227980452914810883e+01 1.566133015836093309e-02
1.385110000000000063e+01 1.640586279842852751e-03 1.196659999999999968e+01 9.114062185212543901e-04 1.291719999999999935e+01 4.326553708337981820e-04 8.170451904319570247e+00 4.061888274510181557e-03
1.001769999999999960e+01 1.335457128448604581e-03 9.189999999999999503e+00 8.754979276533292982e-04 9.689099999999999824e+00 4.517291306084409439e-04 4.920404900960608785e+00 3.604592807593761175e-03
1.651139999999999830e+01 4.154670340182910551e-03 1.397700000000000031e+01 1.203702882483370304e-03 1.513230000000000075e+01 4.940886295996286745e-04 1.042803359713099276e+01 7.100694585969152817e-03
1.643489999999999895e+01 5.755924296241318738e-03 1.381620000000000026e+01 1.654612231213520301e-03 1.499329999999999963e+01 7.415699640054367568e-04 1.020558687287160460e+01 6.671746142343517282e-03
8.182700000000000529e+00 5.380037560267381808e-04 7.613599999999999923e+00 3.900530613564594782e-04 7.975799999999999557e+00 2.603455800190869474e-04 3.414707089047711364e+00 2.733801939479493445e-02
1.575150000000000006e+01 4.381871014609734286e-03 1.334580000000000055e+01 1.751391286112948366e-03 1.447359999999999935e+01 8.007758913162125580e-04 9.677204918005966050e+00 6.173324638963548737e-03
2.030470000000000041e+01 1.070749506903352910e-01 1.671420000000000172e+01 7.995139911634755597e-03 1.811820000000000164e+01 1.776784983717086090e-03 1.346191146466490984e+01 4.712563518101064303e-02
1.772939999999999827e+01 1.050445046439628383e-02 1.476699999999999946e+01 1.962121622842685244e-03 1.601660000000000039e+01 8.135138577733153509e-04 1.129234444944697202e+01 9.984027109714582390e-03
1.808569999999999922e+01 1.304348870735223473e-02 1.505279999999999951e+01 1.795650376250723483e-03 1.633980000000000032e+01 1.006526374339482581e-03 1.167942974840761039e+01 1.514076057824936643e-02
7.941399999999999793e+00 8.416001984357679997e-04 7.442000000000000171e+00 4.981624141427581920e-04 7.763099999999999667e+00 2.413452775246182095e-04 3.020406221620916654e+00 5.691298854269927383e-03
8.188700000000000756e+00 7.323018399611503108e-04 7.633799999999999919e+00 4.135821515231162234e-04 7.988199999999999967e+00 2.482951349027392009e-04 3.339867279265313904e+00 4.723268760355163465e-03
1.832150000000000034e+01 1.481429935871196417e-02 1.527449999999999974e+01 2.811486871407115496e-03 1.657010000000000005e+01 1.103495238385624735e-03 1.193777532529392005e+01 1.786603368301281636e-02
1.733879999999999910e+01 7.851750072317037130e-03 1.451399999999999935e+01 1.370295580180225584e-03 1.573780000000000001e+01 6.595471968606295967e-04 1.111681176813413074e+01 7.308184802901984169e-03
1.257590000000000074e+01 1.115490121541512112e-03 1.098210000000000086e+01 6.913691878605722051e-04 1.182910000000000039e+01 2.971829289655776411e-04 6.969107896734289653e+00 1.019596036289400348e-02
1.849950000000000117e+01 2.499401473296501003e-02 1.517960000000000065e+01 2.524507068452380969e-03 1.650039999999999907e+01 8.791061090644103305e-04 1.187155569010162814e+01 1.547458528665311694e-02
1.024460000000000015e+01 1.528414769767867361e-03 9.345000000000000639e+00 9.897085767937064977e-04 9.877399999999999736e+00 4.233152036181453024e-04 5.274753396176070197e+00 3.637806424698671569e-03
2.196999999999999886e+01 2.096023166023165962e-01 1.835750000000000171e+01 2.030179506357516692e-02 1.990780000000000172e+01 5.312879232726560631e-03 1.506787017079753177e+01 1.031250528054138416e-01
1.928579999999999828e+01 3.836537102473498023e-02 1.594120000000000026e+01 3.845369222596068271e-03 1.729420000000000002e+01 1.258901965331323328e-03 1.271511455710236937e+01 2.433039934060621245e-02
1.826239999999999952e+01 1.453467202141900741e-02 1.521700000000000053e+01 1.825294621992837969e-03 1.648969999999999914e+01 7.133780560720643900e-04 1.181554375852872596e+01 1.164827881719262236e-02
1.163439999999999941e+01 1.168304047001603131e-03 1.041220000000000034e+01 7.236819302806104647e-04 1.109779999999999944e+01 4.178108549087214646e-04 6.429802379778148946e+00 3.922838429106804449e-03
1.156419999999999959e+01 1.259676072025245949e-03 1.035880000000000045e+01 7.328554457584102481e-04 1.103850000000000087e+01 5.418594321590234145e-04 6.207829336739502324e+00 2.277567357170203963e-02
1.770449999999999946e+01 1.130743595084357338e-02 1.482140000000000057e+01 1.823179742074153720e-03 1.605349999999999966e+01 9.053038830660963638e-04 1.138382448729838714e+01 1.024003023011794793e-02
9.716400000000000148e+00 1.091239848838144229e-03 8.921400000000000219e+00 8.621157862139605752e-04 9.401999999999999247e+00 4.036928522561646581e-04 4.717164825195482081e+00 3.785323108166846300e-03
2.058210000000000051e+01 2.271422594142259166e-01 1.691250000000000142e+01 8.777912523243593113e-03 1.843560000000000088e+01 4.059751720011965312e-03 1.379684948806757561e+01 4.553587314718260393e-02
1.256370000000000076e+01 1.151832127474486031e-03 1.098780000000000001e+01 8.127039731728493950e-04 1.182629999999999981e+01 4.003525125739317361e-04 7.354361798433926012e+00 3.699590288877678719e-03
1.838080000000000069e+01 1.604699970440437440e-02 1.535670000000000002e+01 2.559198585739540146e-03 1.662800000000000011e+01 8.166344497679631090e-04 1.201974024777678629e+01 1.249314977042229394e-02
1.625860000000000127e+01 3.322846212700841274e-03 1.363930000000000042e+01 1.165494809837156528e-03 1.481520000000000081e+01 5.460425069654693342e-04 1.016705195183501687e+01 4.557117767873104797e-03
1.701109999999999900e+01 8.119503440023930624e-03 1.403570000000000029e+01 1.446958793112639073e-03 1.530339999999999989e+01 1.111311272377404078e-03 1.062512828581085422e+01 1.209471891867510557e-02
1.333009999999999984e+01 4.169508448540706902e-03 1.152710000000000079e+01 2.649503404182629741e-03 1.245490000000000030e+01 1.144534750113321286e-03 7.928652762387523367e+00 4.249283371722751071e-03
1.985900000000000176e+01 9.599823165340405640e-02 1.638329999999999842e+01 4.571344364447812829e-03 1.776780000000000115e+01 2.083793950560417722e-03 1.307675819592005695e+01 2.887756748552049516e-02
1.467830000000000013e+01 1.598957336200167775e-03 1.255170000000000030e+01 1.155103994893345214e-03 1.358910000000000018e+01 3.913197047459777197e-04 8.838677178367490228e+00 3.471549651817165336e-03
1.972329999999999828e+01 4.037709185570843851e-02 1.629919999999999902e+01 3.423859228658824531e-03 1.766629999999999967e+01 1.388130305819781181e-03 1.292611224891523491e+01 2.300123380099028045e-02
6.030599999999999739e+00 1.338222424907250900e-03 5.843200000000000394e+00 1.492446631568818648e-03 5.977199999999999847e+00 4.561166190556208470e-04 1.296680190629970753e+00 9.989632079044803714e-03
1.964549999999999841e+01 6.272328134026573798e-02 1.620159999999999911e+01 4.478571133935569000e-03 1.758190000000000097e+01 2.289672915919778798e-03 1.284286790216737550e+01 2.893202639681941718e-02
7.459800000000000431e+00 6.631202208487039151e-04 7.075700000000000323e+00 5.720141193825404495e-04 7.325000000000000178e+00 3.966709655734290555e-04 2.639413450651821869e+00 8.634509902406696524e-03
1.921519999999999939e+01 3.792315752706950510e-02 1.587759999999999927e+01 3.506232642252792801e-03 1.718159999999999954e+01 1.378910069978028698e-03 1.253511329859736811e+01 1.843203551791942202e-02
4.922100000000000364e+00 1.301409598695881398e-03 4.183900000000000396e+00 2.508931253610629727e-03 4.624500000000000277e+00 1.260934197384618862e-03 -7.389985655857334024e-02 3.298739959436484265e-02
8.304600000000000648e+00 2.938800920286912741e-03 7.587299999999999933e+00 2.371491601686215485e-03 8.031299999999999883e+00 8.567145100329037798e-04 3.352653764870030528e+00 4.647325119230499499e-03
6.721599999999999575e+00 1.196420897199968955e-03 6.488999999999999879e+00 7.382420735563094373e-04 6.647999999999999687e+00 3.879499474748629526e-04 2.005937352574882482e+00 5.471914532392565395e-03
9.244799999999999685e+00 1.334324689689074528e-03 8.514699999999999491e+00 9.003267160886942134e-04 8.964299999999999713e+00 4.318242380613368969e-04 4.266467033513700713e+00 5.648792142070126199e-03
1.234329999999999927e+01 1.230872133229035485e-03 1.090489999999999959e+01 1.175806800952999831e-03 1.168490000000000073e+01 3.842144189223141741e-04 7.008874055976917816e+00 4.073421206378664838e-03
1.655480000000000018e+01 4.178012082964558879e-03 1.374859999999999971e+01 1.268269320624240519e-03 1.498700000000000010e+01 1.402094605937729893e-03 1.035174015896442867e+01 1.845642052019424648e-02
1.065380000000000038e+01 1.205092345942105963e-03 9.697499999999999787e+00 9.713447310269554026e-04 1.025820000000000043e+01 5.950271004937824921e-04 5.502738507418856173e+00 3.525476008216704270e-03
1.649660000000000082e+01 3.801743758534962929e-03 1.388439999999999941e+01 1.418396540687420554e-03 1.505869999999999997e+01 6.132184167720947099e-04 1.028492360239073555e+01 5.606132535000567067e-03
1.656579999999999941e+01 3.905820562630404457e-03 1.671559999999999846e+01 6.375829467379176552e-03 1.661199999999999832e+01 8.958398653443125359e-04 1.192754041499309992e+01 1.208488389588598978e-02
9.196899999999999409e+00 2.521926972033819610e-03 8.470399999999999707e+00 1.758596673091562812e-03 8.918200000000000571e+00 7.238218411877254130e-04 4.289172652009092701e+00 3.667162983932830030e-03
1.169829999999999970e+01 1.268284135643113226e-03 1.044170000000000087e+01 6.505839280471217238e-04 1.114279999999999937e+01 3.458894290502010152e-04 6.515968091484520386e+00 3.618926059316428679e-03
6.491299999999999848e+00 1.228838209495784111e-03 6.245400000000000063e+00 1.510195565693938074e-03 6.413100000000000023e+00 3.701251772662812007e-04 1.752729748407610089e+00 5.820695826921918822e-03
1.765490000000000137e+01 9.208990670059371067e-03 1.458179999999999943e+01 1.435974077502975626e-03 1.590549999999999997e+01 3.173472072019407463e-03 1.128414699870449311e+01 2.417293185381485035e-02
9.476900000000000546e+00 5.268792158004561264e-04 8.682600000000000762e+00 4.100582754544389720e-04 9.166299999999999670e+00 2.093828284250293223e-04 4.335830185133438874e+00 1.196782567687130691e-02
9.436400000000000787e+00 1.434987179826068514e-03 8.689099999999999824e+00 9.836026960429048241e-04 9.146599999999999397e+00 3.610204095204526875e-04 4.478975068770655099e+00 3.718053056873324869e-03
8.482400000000000162e+00 4.929602404551212784e-04 7.886300000000000310e+00 3.783883626428008354e-04 8.263199999999999434e+00 2.816314672726046302e-04 3.580242124879726262e+00 5.162401548566614498e-03
1.217159999999999975e+01 1.317853544855377519e-03 1.078389999999999915e+01 9.728417185609963000e-04 1.154139999999999944e+01 5.101394527138775102e-04 6.875823715648856194e+00 4.152874871862118067e-03
1.097949999999999982e+01 1.572191893887834755e-03 9.912300000000000111e+00 1.240250394096547963e-03 1.052759999999999962e+01 4.124869879719471940e-04 5.898755690101628701e+00 3.467423700521936759e-03
nan nan nan nan 1.569079999999999941e+01 1.896986109897789681e-03 1.105204948806757415e+01 1.470173462803264254e-02
4.987099999999999866e+00 1.193225778090381637e-03 4.828500000000000014e+00 3.489778863461043788e-03 4.931199999999999584e+00 1.103416736112522575e-03 3.160397609895921889e-01 2.641393131533259150e-02
1.002820000000000000e+01 7.960145751006252697e-04 9.186400000000000787e+00 5.425173637135861145e-04 9.691900000000000404e+00 3.452152706900553391e-04 4.961323951973461988e+00 3.704611253352623184e-03
8.677699999999999747e+00 5.601795480342585494e-04 8.049400000000000333e+00 5.157125757604543803e-04 8.443699999999999761e+00 2.695254124527720826e-04 3.777006511503385511e+00 4.182524348928033132e-03
1.551709999999999923e+01 7.104698337913885678e-03 1.311730000000000018e+01 3.561671696627739196e-03 1.423719999999999963e+01 1.478484666920856175e-03 9.619856096269060686e+00 4.337952381287863216e-03
8.450300000000000367e+00 5.197887792570889554e-04 7.854000000000000092e+00 3.183717513759826644e-04 8.231899999999999551e+00 2.020105420425812016e-04 3.573757090163216077e+00 4.486632375606799082e-03
1.535210000000000008e+01 1.337118226600985393e-01 1.375990000000000002e+01 3.478820890740146748e-02 1.534280000000000044e+01 4.481528872745283408e-03 1.064893112559557764e+01 1.710333463088371461e-02
1.598470000000000013e+01 4.945071962106029929e-03 1.350000000000000000e+01 2.022502468192910029e-03 1.464370000000000083e+01 7.373596745604323998e-04 9.947378017246593984e+00 5.029417093340716668e-03
1.412260000000000026e+01 1.670703371443519334e-03 1.214600000000000080e+01 8.442702622841190578e-04 1.313770000000000060e+01 4.418984204249915633e-04 8.456805281718558831e+00 5.962965125190975400e-03
1.684959999999999880e+01 4.827442087946289505e-03 1.412260000000000026e+01 1.532903189371584993e-03 1.532189999999999941e+01 6.796451978391370970e-04 1.074799600522471010e+01 6.666222065826829524e-03
1.055739999999999945e+01 2.991596175571046429e-03 9.592000000000000526e+00 2.481294421463994121e-03 1.015820000000000078e+01 1.003057934462274611e-03 5.552477014898837382e+00 3.134719952734009094e-03
9.841200000000000614e+00 2.092266779719807995e-03 9.003399999999999181e+00 1.438828518420355107e-03 9.504899999999999238e+00 6.097436329430263799e-04 4.954778613438643120e+00 3.358388516663671393e-03
1.776839999999999975e+01 1.147231614539306714e-02 1.487630000000000052e+01 1.856314862623741069e-03 1.611990000000000123e+01 7.242370676716805133e-04 1.143600367790997296e+01 8.716405261491061429e-03
1.650080000000000169e+01 4.994663722513570554e-03 1.385899999999999999e+01 1.673432900232733715e-03 1.503909999999999947e+01 5.538698553267899912e-04 1.034447661814895802e+01 6.178951328950102635e-03
1.435479999999999912e+01 1.498151010045258762e-03 1.212199999999999989e+01 7.521579494284724070e-04 1.319170000000000087e+01 3.889951775976841159e-04 8.495000369870073342e+00 2.932166789437261160e-03
8.628899999999999793e+00 8.113011574644876872e-04 8.003600000000000492e+00 5.743258254604699303e-04 8.398300000000000765e+00 2.309195820333020369e-04 3.761019928218239272e+00 4.960920619212735513e-03
8.177099999999999369e+00 3.798684486739905956e-04 7.629299999999999748e+00 3.555571565644822423e-04 7.979499999999999815e+00 2.741317713001653329e-04 3.332090485099346466e+00 4.286002223257832054e-03
1.768619999999999948e+01 1.044985563041385748e-02 1.478139999999999965e+01 2.210877843165203870e-03 1.602799999999999869e+01 7.711878853311360943e-04 1.138409509199987113e+01 8.485465584812596981e-03
1.532109999999999950e+01 3.428508273335859405e-03 1.270030000000000037e+01 1.320096781645531056e-03 1.392580000000000062e+01 1.471890462956686662e-03 9.222859687193283307e+00 3.543395464598324274e-02
2.019620000000000104e+01 7.498204419889502315e-02 1.649790000000000134e+01 6.973729847774423271e-03 1.788419999999999987e+01 1.986642757813071678e-03 1.308186543834695037e+01 3.214879717659972769e-02
6.685500000000000220e+00 1.165669991303694333e-03 6.432800000000000296e+00 8.504268818046525642e-04 6.604400000000000048e+00 3.943886057603242993e-04 1.957544220257139145e+00 4.838518462667871015e-03
1.914880000000000138e+01 3.465496329396744457e-02 1.585360000000000014e+01 2.984031881269753623e-03 1.716629999999999967e+01 1.039731864974862254e-03 1.258846638393272244e+01 1.551551193444382186e-02
2.018430000000000035e+01 8.713804173354733340e-02 1.655649999999999977e+01 9.850662311740155871e-03 1.793609999999999971e+01 1.555969561042720673e-03 1.336219600522471040e+01 2.692784879720296412e-02
1.144890000000000008e+01 7.349986460871919380e-04 1.024890000000000079e+01 5.024596802184326007e-04 1.092639999999999922e+01 2.274691868857541867e-04 6.362466706158071972e+00 3.428901388914229204e-03
1.879579999999999984e+01 1.881046431046430947e-02 1.566539999999999999e+01 3.020307110270390328e-03 1.695200000000000173e+01 9.930124933691852809e-04 1.223423729237458879e+01 1.561023370699878531e-02
1.758249999999999957e+01 1.010178637886118176e-02 1.475130000000000052e+01 2.614980732177263952e-03 1.597869999999999990e+01 8.555466250610687653e-04 1.120511925697567790e+01 1.071061423354307054e-02
1.705099999999999838e+01 6.237375768369047072e-03 1.407709999999999972e+01 1.325269145326269911e-03 1.535060000000000002e+01 6.972117693898257111e-04 1.067887196757481405e+01 1.157469951367873576e-02
7.632200000000000095e+00 3.616095812850538774e-04 7.162399999999999878e+00 3.893760243292772338e-04 7.467500000000000249e+00 2.024116241177325627e-04 2.876036350486747217e+00 4.175143862975390016e-03
2.006680000000000064e+01 7.272203616878766819e-02 1.643730000000000047e+01 5.468345504910601500e-03 1.781840000000000046e+01 1.703201719296594183e-03 1.317523218379565364e+01 2.582794510603457841e-02
1.699099999999999966e+01 7.184621492853360963e-03 1.413710000000000022e+01 1.243175780892186427e-03 1.538090000000000046e+01 9.983081704334393312e-04 1.073496679851357705e+01 1.703800169951064092e-02
2.003059999999999974e+01 7.954139194139193958e-02 1.647569999999999979e+01 6.150107624334428050e-03 1.783060000000000045e+01 1.608885069053405141e-03 1.316744235457634282e+01 2.264589248293046031e-02
1.507210000000000072e+01 3.413954658365562882e-03 1.282489999999999952e+01 1.282486209381164316e-03 1.389899999999999913e+01 5.399488765777145502e-04 9.239743704866468121e+00 3.386194666555175127e-03
2.132809999999999917e+01 1.984899451553930605e-01 1.853519999999999968e+01 2.360304347826086904e-02 2.005979999999999919e+01 4.839707586698760271e-03 1.547731309915133657e+01 9.297262170315452601e-02
1.998519999999999897e+01 4.928461189287335065e-02 1.611530000000000129e+01 3.577043455342140965e-03 1.754960000000000164e+01 1.657896746018415295e-03 1.291305477506434585e+01 2.295024065149386255e-02
1.149520000000000053e+01 1.428135481749424505e-03 1.033760000000000012e+01 9.479713270411148189e-04 1.099399999999999977e+01 4.236488569276931860e-04 6.248411053320147346e+00 3.105749542452260290e-03
1.692449999999999832e+01 5.221410022121765471e-03 1.417530000000000001e+01 1.917015378639405198e-03 1.538380000000000081e+01 7.718841754288679633e-04 1.065763108919495750e+01 6.240370178375969669e-03
1.262369999999999948e+01 1.424687372882467743e-03 1.112550000000000061e+01 1.041557145872105223e-03 1.192919999999999980e+01 4.314621565557418643e-04 7.187855980299248770e+00 3.768235315836392617e-03
2.123789999999999978e+01 1.765430894308942789e-01 1.797719999999999985e+01 1.502962347729789629e-02 1.947510000000000119e+01 3.510427107245626434e-03 1.492232929136917186e+01 6.434927980631018063e-02
6.745300000000000296e+00 7.247640281430650557e-04 6.406200000000000117e+00 6.775415452395363919e-04 6.633499999999999730e+00 2.917926432370402117e-04 2.051192256150697446e+00 6.319971833947462918e-03
1.761179999999999879e+01 8.196738638079419451e-03 1.472819999999999929e+01 1.757230485377182707e-03 1.596010000000000062e+01 9.691684221801691486e-04 1.116152899466245962e+01 9.842415977337268598e-03
1.062700000000000067e+01 1.433622943460004630e-03 9.667199999999999349e+00 8.107559159778070842e-04 1.022889999999999944e+01 4.426388571801310469e-04 5.488519580230532213e+00 3.702833445115324366e-03
2.071069999999999922e+01 9.108557046979864902e-02 1.667040000000000077e+01 5.338742194030583754e-03 1.821409999999999840e+01 6.487064587440998474e-03 1.343777848725253321e+01 6.592056641494521696e-02
1.075200000000000067e+01 1.214868357744682209e-03 9.647800000000000153e+00 6.417244416074140319e-04 1.028260000000000041e+01 4.802055736646336330e-04 5.740055471339756465e+00 4.858214247334498304e-02
1.704489999999999839e+01 6.380325556796144840e-03 1.429979999999999940e+01 1.724464350947411745e-03 1.550939999999999941e+01 6.963576774822500832e-04 1.093941852809190962e+01 7.143412343661159451e-03
