# BPmag  e_BPmag  RPmag  e_RPmag  Gmag  e_Gmag  GABS  e_GABS
1.698430000000000106e+01 5.244614046951984708e-03 1.378420000000000023e+01 1.199885066363123908e-03 1.508389999999999986e+01 5.506255610270661743e-04 1.179087475762020887e+01 4.436019621761151492e-03
1.034179999999999922e+01 8.050390010973691723e-04 9.055500000000000327e+00 5.452500163212421541e-04 9.769099999999999895e+00 2.975975440952759177e-04 6.459090255614801990e+00 1.665111435173632958e-03
1.502909999999999968e+01 7.468289998624294719e-03 1.204410000000000025e+01 2.803646129215514073e-03 1.333869999999999933e+01 2.270425127036239128e-03 1.007114946283542167e+01 1.844140724008570473e-02
1.548240000000000016e+01 5.012650046168051592e-03 1.251370000000000005e+01 1.392474221515415701e-03 1.377110000000000056e+01 8.096857428371141783e-04 1.048025028460255292e+01 2.689614539906311219e-02
1.499300000000000033e+01 1.288849847461449871e-03 1.510720000000000063e+01 1.592180900985452809e-03 1.502190000000000047e+01 6.512590424319492912e-04 1.193180500021732193e+01 2.835865355502123746e-03
1.454679999999999929e+01 3.385003897116133694e-03 1.170500000000000007e+01 1.689762505058050755e-03 1.293979999999999997e+01 9.458324621924871570e-04 9.724134233411929173e+00 6.605210107507477127e-03
9.194499999999999673e+00 1.890512092772196184e-03 8.134399999999999409e+00 1.231235045303516375e-03 8.745100000000000762e+00 5.692937703508339168e-04 5.695269029478797762e+00 1.716744790307975178e-03
6.053099999999999703e+00 1.092590542702746078e-03 5.576299999999999812e+00 1.531108980144404216e-03 5.884000000000000341e+00 3.645477987590319035e-04 2.710878264130760940e+00 2.936239697538042294e-03
1.706869999999999976e+01 1.834640081108482312e-02 1.391409999999999947e+01 1.840143721505686173e-03 1.522579999999999956e+01 5.138405766236470509e-04 1.206006184756131816e+01 4.223538715162360527e-03
9.664500000000000313e+00 4.344871743567169792e-03 8.584400000000000475e+00 3.144156145024904359e-03 9.210800000000000765e+00 1.287565965016305861e-03 5.823240302590390272e+00 2.077738818224838125e-03
8.674699999999999633e+00 2.999281767955800926e-01 7.640200000000000102e+00 2.591264916467779789e-01 8.682100000000000151e+00 1.535526390224585449e-03 5.495077787744099496e+00 4.402507069050582041e-03
6.166199999999999903e+00 9.494967161934078333e-04 5.659500000000000419e+00 1.160859198751189531e-03 5.984899999999999665e+00 3.946982888676426097e-04 2.779426051565236477e+00 2.772630407384517499e-03
1.069810000000000016e+01 1.930719302925224196e-03 9.286899999999999267e+00 1.597169714176436802e-03 1.005160000000000053e+01 6.169222639536798766e-04 6.786199629228107710e+00 1.807319692905239418e-03
1.643629999999999924e+01 6.103434706841306435e-03 1.329390000000000072e+01 1.043830216795654277e-03 1.458099999999999952e+01 8.043352643977894588e-04 1.121544309953718610e+01 4.277665472514530914e-03
1.537199999999999989e+01 5.674401588794814912e-03 1.254959999999999987e+01 2.762416039079991590e-03 1.377630000000000088e+01 1.079919235321616508e-03 1.038491337173004680e+01 2.152811431044615934e-03
7.999299999999999855e+00 1.752380644953032383e-03 7.245700000000000252e+00 1.251155233409004469e-03 7.705599999999999561e+00 5.256675300781912547e-04 4.334717095013721710e+00 2.369471517579362346e-03
1.853109999999999857e+01 1.185953031130529758e-02 1.491019999999999968e+01 1.383460754332314045e-03 1.627929999999999922e+01 6.869250528287084356e-04 1.299407675897994885e+01 6.869144220015949674e-03
1.013490000000000002e+01 1.534896871509959255e-03 8.923999999999999488e+00 8.599035346855372431e-04 9.604400000000000048e+00 3.380598316146066966e-04 6.275763787035778307e+00 1.817886993148654573e-03
1.759730000000000061e+01 8.928048680207219603e-03 1.412899999999999956e+01 1.387775448642568571e-03 1.554330000000000034e+01 4.925107734180086266e-03 1.211158173309015673e+01 2.183449982172966375e-02
1.551110000000000078e+01 3.885830857879101798e-03 1.277130000000000010e+01 1.560890754611193301e-03 1.397610000000000063e+01 7.647402711745025306e-04 1.057496045713181587e+01 2.340293548446129024e-03
8.502499999999999503e+00 2.375175008750437210e-03 7.542300000000000004e+00 1.517626009896284748e-03 8.107599999999999696e+00 4.716261532847983748e-04 4.763723905103661949e+00 6.826470112809318591e-03
1.894480000000000075e+01 3.644645854313528083e-02 1.516440000000000055e+01 3.840744278184583544e-03 1.656629999999999825e+01 1.257065450208981992e-03 1.338106729472142575e+01 9.106347425822731989e-03
1.535640000000000072e+01 2.569373121612987271e-03 1.253069999999999951e+01 9.205321034023755851e-04 1.375479999999999947e+01 6.049331126971657169e-04 1.042927931505940720e+01 2.191152611099837430e-03
1.169960000000000022e+01 1.704083874815582071e-03 9.899100000000000676e+00 1.042317070829253123e-03 1.081990000000000052e+01 4.667159572547434419e-04 7.804295176107782339e+00 1.760868753704724135e-03
1.531900000000000084e+01 1.663332056683262906e-03 1.546330000000000027e+01 3.338170637970791325e-03 1.535599999999999987e+01 1.008752044001783900e-03 1.185962941537410309e+01 5.305447790966276445e-03
1.605679999999999907e+01 4.018877702102457462e-03 1.305499999999999972e+01 6.955546871496568655e-04 1.431670000000000087e+01 6.549045154596890277e-04 1.119702860793086074e+01 2.624271663458562030e-03
6.706500000000000128e+00 9.088276162255368162e-04 6.146700000000000053e+00 7.253983631200934925e-04 6.502399999999999736e+00 3.191194192164123760e-04 3.155686173556970786e+00 2.488954633514917861e-03
9.480900000000000105e+00 8.277539320103379124e-04 8.431499999999999773e+00 5.447165892375151110e-04 9.039099999999999469e+00 2.941332639814483248e-04 5.746668299351256337e+00 1.825011354283774924e-03
1.303260000000000041e+01 1.422223968771695480e-03 1.081830000000000069e+01 8.565928473937089007e-04 1.188620000000000054e+01 4.093779810494801996e-04 8.930536016934098598e+00 1.868165587275257260e-03
1.557109999999999950e+01 3.048718164715131899e-03 1.258189999999999920e+01 7.223963219492071349e-04 1.384120000000000061e+01 5.982302250236924386e-04 1.054074176477503499e+01 3.026099873686057939e-03
1.631650000000000134e+01 5.859995682210707851e-03 1.321749999999999936e+01 1.231863668338287632e-03 1.450179999999999936e+01 6.351845459917043312e-04 1.085798677235417919e+01 4.311154051309883627e-03
1.644399999999999906e+01 5.482704640711003052e-03 1.344369999999999976e+01 1.102699518596006586e-03 1.470279999999999987e+01 5.132794402685197238e-04 1.140947792590496057e+01 3.122805654216941670e-03
8.632600000000000051e+00 1.463774368377059260e-03 7.754100000000000215e+00 9.059913217623497082e-04 8.279199999999999449e+00 3.372208953091465362e-04 4.930355438596398798e+00 2.719216341752202920e-03
1.798760000000000048e+01 1.274641934726461479e-02 1.454180000000000028e+01 1.920066493359506030e-03 1.587959999999999994e+01 9.078397270811731749e-04 1.221099373315550984e+01 2.055036828810231225e-02
1.325339999999999918e+01 8.223932374907211382e-04 1.099779999999999980e+01 4.039767378694239367e-04 1.207820000000000071e+01 3.742640468803860409e-04 8.980522531488626115e+00 2.194222504310071147e-03
6.913999999999999702e+00 4.426948058567134860e-04 6.331599999999999895e+00 4.817396474383149997e-04 6.701399999999999579e+00 1.613259832691936100e-04 3.300676368339660272e+00 2.484875528688972480e-03
7.707099999999999618e+00 1.420846692403323827e-03 6.865300000000000402e+00 1.051258714175058078e-03 7.371599999999999930e+00 4.782195051048722585e-04 4.040850725512725283e+00 4.258139015264419264e-03
1.635310000000000130e+01 3.977798131525920634e-03 1.332479999999999976e+01 1.759109541323050207e-03 1.458910000000000018e+01 9.464590815579342065e-04 1.128347324650690808e+01 3.910687782206100603e-03
1.420079999999999920e+01 3.238598061148396327e-03 1.150089999999999968e+01 1.168366907713498659e-03 1.270340000000000025e+01 5.524354192849184088e-04 9.379686282172659872e+00 5.665401136437990710e-03
2.005059999999999931e+01 5.781363152289668850e-02 1.594480000000000075e+01 3.598621192535878931e-03 1.738080000000000069e+01 9.467066599236175547e-04 1.395487443605360589e+01 1.081316154739465039e-02
1.556250000000000000e+01 3.155120306869696294e-03 1.277439999999999998e+01 1.320401809602568489e-03 1.398830000000000062e+01 5.989000987373750218e-04 1.045765295976450027e+01 2.537539007303921471e-03
1.435350000000000037e+01 4.371813972216629686e-03 1.184159999999999968e+01 2.208629142171321738e-03 1.299349999999999916e+01 8.016213462489755375e-04 9.585695021000960381e+00 2.131057203168438240e-03
1.211369999999999969e+01 1.087120643216885367e-03 1.026609999999999978e+01 9.252467063214765784e-04 1.120330000000000048e+01 4.921446508381154125e-04 7.898369725555543397e+00 2.100805454085865123e-03
1.102820000000000000e+01 9.811671998409513158e-04 9.557800000000000296e+00 4.504304175568877027e-04 1.034810000000000052e+01 3.340378728444629128e-04 6.948727529868175878e+00 2.316316475818238230e-03
1.292559999999999931e+01 3.725943719972546215e-03 1.087679999999999936e+01 2.576140084468276758e-03 1.195720000000000027e+01 1.057278074241420774e-03 8.301259518698902440e+00 3.908660881610178522e-03
6.073599999999999888e+00 9.140918351883345208e-04 5.543400000000000105e+00 1.715391664296773543e-03 5.881099999999999994e+00 4.060146439603012675e-04 2.526868553964106923e+00 2.357849356610096370e-02
1.692089999999999961e+01 5.518373570520965568e-03 1.386260000000000048e+01 1.176469313453536647e-03 1.513240000000000052e+01 7.460951189846278192e-04 1.176633155099197658e+01 3.364211052620983723e-03
3.898899999999999810e+00 1.321977352976987617e-02 2.661999999999999922e+00 6.707066963182604230e-03 3.280499999999999972e+00 1.069020519081564360e-03 2.834451254337899684e-02 1.674473890179574431e-02
8.803599999999999426e+00 1.712361606157146096e-03 7.904700000000000060e+00 1.342873398308019450e-03 8.441800000000000637e+00 4.592789370603338715e-04 5.033160401058136557e+00 4.100573248637879101e-03
1.936779999999999902e+01 2.675554460325283226e-02 1.516549999999999976e+01 2.653518097612239147e-03 1.669569999999999865e+01 3.386482018651944259e-03 1.356191559133681501e+01 2.811170067379999485e-02
7.597000000000000419e+00 8.291002947599920630e-04 6.884000000000000341e+00 1.089542503336644918e-03 7.326900000000000190e+00 2.700684536246592015e-04 4.040986573178665608e+00 3.072858407865791414e-03
1.475769999999999982e+01 3.677233624602045670e-03 1.199569999999999936e+01 1.707379975153716645e-03 1.320439999999999969e+01 8.784304207119740786e-04 9.782152672109525327e+00 6.569213540700390673e-03
1.672569999999999979e+01 5.645780250636991612e-03 1.370170000000000066e+01 1.661499380231686073e-03 1.496550000000000047e+01 7.044404650679953698e-04 1.138449286457496612e+01 4.164147198761619130e-03
1.588000000000000078e+01 4.591449232460777241e-03 1.294500000000000028e+01 1.370070791323330789e-03 1.419219999999999970e+01 6.110201302246008387e-04 1.069060795831177302e+01 3.967053934906059585e-03
1.565349999999999930e+01 2.890527660933922549e-03 1.270100000000000051e+01 1.138450246408723773e-03 1.395010000000000083e+01 5.725238740567703414e-04 1.077332392664956195e+01 2.172766485236653396e-03
8.788600000000000634e+00 1.014397428830360760e-03 7.890699999999999825e+00 6.212073532861499313e-04 8.424599999999999866e+00 3.018090642234477370e-04 5.081432758928905002e+00 1.998277728775244271e-03
1.974210000000000065e+01 4.895130748422001771e-02 1.581620000000000026e+01 3.497310355934933005e-03 1.726800000000000068e+01 1.444014417002486986e-03 1.380366095327890186e+01 1.243549107779816712e-02
2.077400000000000091e+01 9.408492201039861391e-02 1.645990000000000109e+01 4.390376061463808523e-03 1.793690000000000140e+01 1.384766471953677042e-03 1.449990219630629973e+01 1.656181769970617446e-02
1.507549999999999990e+01 2.223191432725187509e-03 1.219829999999999970e+01 1.202676207671942972e-03 1.343590000000000018e+01 5.666908498744734329e-04 1.016805609329911597e+01 1.254248993289017872e-02
6.897700000000000387e+00 5.235232001388681741e-04 6.324399999999999800e+00 4.506192310246364091e-04 6.688799999999999635e+00 2.135068541100078971e-04 3.254232377589008074e+00 2.646538107763040607e-03
2.047319999999999851e+01 1.107897959183673370e-01 1.624569999999999936e+01 7.203211039607244730e-03 1.772919999999999874e+01 1.357836945510936541e-03 1.441449863160262268e+01 1.530363368088182886e-02
1.745889999999999986e+01 1.561317227494966701e-02 1.402020000000000088e+01 1.088133894568049653e-02 1.605430000000000135e+01 1.612014312651255301e-03 1.287508428061265420e+01 8.732136952808514097e-03
nan nan nan nan 1.612689999999999912e+01 2.582082808152393397e-03 1.296237446561829287e+01 1.323594943275422341e-02
7.998599999999999710e+00 1.660203675953392938e-03 7.131599999999999717e+00 1.196552750195615947e-03 7.650999999999999801e+00 5.572784339087096623e-04 4.185375868223188078e+00 4.708971899130024938e-03
1.933840000000000003e+01 3.644645854313528083e-02 1.541269999999999918e+01 2.288562876775852503e-03 1.682819999999999894e+01 9.340984565617632901e-04 1.365666925788631225e+01 6.969938348732824911e-03
1.575539999999999985e+01 2.749056842638308677e-03 1.279379999999999917e+01 1.275930147836509950e-03 1.410239999999999938e+01 1.564399233462530295e-03 1.039390987828461910e+01 3.529745088592418922e-02
1.422869999999999990e+01 4.917968926937536268e-03 1.168570000000000064e+01 1.961235549132947856e-03 1.284730000000000061e+01 9.184374365568111296e-04 9.461599616916302580e+00 2.525016104467815194e-03
5.962900000000000311e+00 1.412161019704753773e-03 5.515500000000000291e+00 1.065830290179447994e-03 5.804000000000000270e+00 4.432586907264895993e-04 2.501952761340200837e+00 4.198113875061335737e-03
1.440590000000000082e+01 2.702930120241977489e-03 1.183610000000000007e+01 9.857011865745488478e-04 1.300200000000000067e+01 5.466721044867049869e-04 9.796906128126749991e+00 1.819895022103748495e-03
1.682929999999999993e+01 4.882583082250303158e-03 1.376890000000000036e+01 1.180280465267963827e-03 1.504359999999999964e+01 6.426892865387688397e-04 1.138520250609268913e+01 4.349945086312125876e-03
1.162899999999999956e+01 9.819658490702553016e-04 9.969200000000000728e+00 6.219012051505292760e-04 1.083619999999999983e+01 3.421711959005259451e-04 7.467674439092446548e+00 2.395989213712675873e-03
1.034319999999999951e+01 8.604214380245192107e-04 9.074500000000000455e+00 6.071352681317451804e-04 9.780699999999999505e+00 2.895105939321539852e-04 6.386827427085879805e+00 2.011870368316814785e-03
1.622350000000000136e+01 6.837153652392946590e-02 1.336299999999999955e+01 1.952418629742851824e-02 1.479190000000000005e+01 2.544265829310587198e-03 1.138826331560945526e+01 8.441110713502586807e-03
1.642089999999999961e+01 4.621350131948582032e-03 1.341639999999999944e+01 1.152737079033422417e-03 1.467839999999999989e+01 6.546083768939051821e-04 1.126715014421116834e+01 3.359473912148037197e-03
1.381209999999999916e+01 1.745169897450734578e-03 1.144359999999999999e+01 8.389340050533537329e-04 1.255840000000000067e+01 5.079556672140427345e-04 9.352165698807604954e+00 2.148445074510701991e-03
1.810269999999999868e+01 1.423174728011534704e-02 1.442609999999999992e+01 1.853937572570179583e-03 1.581020000000000003e+01 1.028747394352851801e-03 1.246277616085164119e+01 7.235661803299555349e-03
1.882819999999999894e+01 2.671604330708661143e-02 1.508779999999999966e+01 2.181865680639845546e-03 1.647459999999999880e+01 7.364244339840200076e-04 1.334650849025440955e+01 6.809284453930693030e-03
1.680709999999999837e+01 5.900119552222584177e-03 1.363920000000000066e+01 1.651943704830734043e-03 1.493440000000000012e+01 8.652555745047098594e-04 1.186939036355027710e+01 3.578333489525577140e-03
9.330999999999999517e+00 8.828015741373140867e-04 8.362099999999999866e+00 6.846336711079722840e-04 8.929999999999999716e+00 2.944044339356602000e-04 5.399684069436467837e+00 2.069358291313219082e-03
1.845210000000000150e+01 1.800265295970817150e-02 1.493019999999999925e+01 2.706636087151617631e-03 1.629230000000000089e+01 8.911999606005138090e-04 1.289220008582478094e+01 6.231734530878977989e-03
1.600069999999999837e+01 5.418405030442159480e-03 1.294120000000000026e+01 2.494749661083155330e-03 1.444239999999999924e+01 1.385614742591694372e-03 1.113577788876601105e+01 3.203209606612299198e-02
1.359420000000000073e+01 4.081729323308270208e-01 1.136270000000000024e+01 1.865532646048109755e-01 1.265409999999999968e+01 5.863128506704251260e-04 9.356717153949572818e+00 4.530933516824011548e-03
1.360580000000000034e+01 3.202772861356931872e-02 1.116569999999999929e+01 2.923371028540656599e-02 1.255419999999999980e+01 1.163583753081127341e-03 9.240797329284639261e+00 4.930043077573307425e-03
1.454659999999999975e+01 2.029762016040081649e-03 1.192459999999999987e+01 1.076204825248299910e-03 1.310410000000000075e+01 4.338500021977406891e-04 9.964238963287025186e+00 1.796653411568660931e-03
9.660899999999999821e+00 2.149895053661241007e-03 8.577199999999999491e+00 1.465374596790519970e-03 9.199299999999999145e+00 5.908628336643900660e-04 5.820815187434172699e+00 1.871899647210684354e-03
1.643949999999999889e+01 3.102468853583266722e-03 1.337330000000000041e+01 1.386658833446148716e-03 1.464939999999999998e+01 5.116443455887204105e-04 1.142445340045573232e+01 2.847105745744816108e-03
8.769600000000000506e+00 9.397335918363814398e-04 7.868599999999999817e+00 6.121569887744342763e-04 8.404500000000000526e+00 3.214283599675533910e-04 5.087699093208446044e+00 2.038037107438203654e-03
1.088909999999999911e+01 6.981756917517088551e-04 9.400199999999999889e+00 3.982554727390105092e-04 1.020059999999999967e+01 3.559709909248281903e-04 6.996930823033741476e+00 2.064714477123801017e-03
2.020690000000000097e+01 7.267336010709504746e-02 1.616619999999999990e+01 5.015428677014042644e-03 1.764379999999999882e+01 1.247546822934620173e-03 1.402633879414927875e+01 1.512043726466149283e-02
1.148000000000000043e+01 1.261681482772645385e-03 9.806599999999999540e+00 8.596175923360119655e-04 1.067890000000000050e+01 3.786694567965820488e-04 7.507369257886313818e+00 1.529504897761275583e-03
1.445550000000000068e+01 1.547564069671313177e-03 1.183109999999999928e+01 9.451326201067228100e-04 1.300890000000000057e+01 3.754586291440881814e-04 9.858410100120096331e+00 1.958837496060744730e-03
1.695909999999999940e+01 7.893420574336604267e-03 1.382300000000000040e+01 1.749528674326044416e-03 1.510880000000000045e+01 6.764988099243584695e-04 1.192939650195381063e+01 3.481265594964537153e-03
1.988680000000000092e+01 4.753677758318738955e-02 1.588530000000000086e+01 4.563466711499663403e-03 1.731640000000000157e+01 1.481915213059263473e-03 1.393369183424734103e+01 1.304317860391083876e-02
1.464930000000000021e+01 2.777396909853678195e-03 1.186120000000000019e+01 9.634408220490886087e-04 1.307489999999999952e+01 8.691830444702396000e-04 9.833881534485117371e+00 3.355321404793625787e-03
1.632029999999999959e+01 6.700444334732164574e-03 1.309490000000000087e+01 2.364158954817637166e-03 1.442379999999999995e+01 2.126900172386772970e-03 1.100606313498327893e+01 1.758845235482191932e-02
1.685620000000000118e+01 1.073077683336627619e-02 1.377619999999999933e+01 1.263310993204877410e-03 1.507070000000000043e+01 5.608827495001988440e-04 1.165463905801047950e+01 3.705270793517856549e-03
7.498599999999999710e+00 2.763463657859304215e-04 6.814600000000000435e+00 3.835669671876324534e-04 7.239099999999999646e+00 1.692926829648594487e-04 3.852470158757120622e+00 5.355435482886840293e-03
9.018299999999999983e+00 8.637412292564955246e-04 8.109199999999999520e+00 5.857845781988475255e-04 8.648899999999999366e+00 3.241750367247494950e-04 5.150464089671848100e+00 1.952035332572765519e-03
7.259100000000000108e+00 6.914748627545885557e-04 6.587799999999999656e+00 7.481670341786107823e-04 7.006599999999999717e+00 2.445679841060318586e-04 3.834133520386045824e+00 1.951841037152227641e-03
5.787499999999999645e+00 8.879057253375422301e-04 5.413800000000000168e+00 1.612924311074797603e-03 5.657300000000000217e+00 4.508774698304859581e-04 2.179644924270848882e+00 5.994212496676090511e-03
5.334999999999999964e+00 8.479428946299708740e-04 4.980199999999999960e+00 1.174966993485271425e-03 5.224700000000000344e+00 8.816975524191582401e-04 1.938589336936237473e+00 1.273512153198942849e-02
1.124099999999999966e+01 1.434228950357982479e-03 9.665900000000000603e+00 6.477273405200955876e-04 1.050009999999999977e+01 3.236879449539095742e-04 7.209447951746607686e+00 1.661525814659376918e-03
1.543810000000000038e+01 4.762017543859648622e-03 1.258980000000000032e+01 1.737267388834663924e-03 1.381959999999999944e+01 7.465722340644983948e-04 1.064863050689680612e+01 2.080253583182596622e-03
4.252399999999999736e+00 2.273420159973198271e-03 4.031600000000000072e+00 3.811887792718463702e-03 4.167200000000000237e+00 1.031778010073173104e-03 7.691778511823459397e-01 1.634149256590984589e-02
4.353399999999999714e+00 1.300770345876912319e-03 3.952999999999999847e+00 3.136707690529843238e-03 4.228600000000000136e+00 1.451562876012727410e-03 9.157964663461566346e-01 1.676360241744541749e-02
1.429240000000000066e+01 2.821276374597235341e-03 1.181140000000000079e+01 1.363857903728268438e-03 1.295410000000000039e+01 5.952260865751501755e-04 9.539609061990026007e+00 2.175590447576085818e-03
1.846780000000000044e+01 1.589197892271662985e-02 1.476069999999999993e+01 1.929312673253251627e-03 1.614410000000000167e+01 8.341451422074030835e-04 1.310353695822757736e+01 5.599931304892515581e-03
1.319170000000000087e+01 2.129528292635088360e-03 1.078459999999999930e+01 1.099416744299080463e-03 1.191109999999999935e+01 5.132988530743847096e-04 8.371604692402096148e+00 6.301619077930686701e-03
1.305480000000000018e+01 8.128499985026800979e-04 1.102369999999999983e+01 5.931644103539077291e-04 1.203020000000000067e+01 2.748632316568398975e-04 8.401220241734767669e+00 1.949339648979625484e-03
1.525189999999999912e+01 2.704748144088485375e-03 1.253889999999999993e+01 9.564895650718417859e-04 1.373869999999999969e+01 5.164190179030079099e-04 1.007643586055386642e+01 2.523233095990362520e-03
7.661900000000000155e+00 1.155017978340886322e-03 6.931000000000000050e+00 1.005994792776598997e-03 7.380700000000000038e+00 3.505044146369021415e-04 4.192546812505242748e+00 2.129435491713281472e-03
1.158750000000000036e+01 1.629873151692561722e-03 9.852100000000000080e+00 9.935213484379861772e-04 1.074900000000000055e+01 4.517253717433451885e-04 7.572411478248358918e+00 1.469299932823755605e-03
1.954619999999999891e+01 5.126251180358828985e-02 1.566929999999999978e+01 9.388965755793841558e-03 1.708549999999999969e+01 3.340121823663323459e-03 1.359498858597603999e+01 1.185762858726579355e-02
1.757639999999999958e+01 1.072229903219435072e-02 1.437369999999999948e+01 1.209697725981304182e-03 1.567249999999999943e+01 6.290206711160548645e-04 1.211173250124758738e+01 5.275492097649734334e-03
1.972939999999999827e+01 6.089399887829501090e-02 1.579550000000000054e+01 4.799487224825390794e-03 1.721219999999999928e+01 1.557822543617997995e-03 1.375704854089124751e+01 1.186463551935109176e-02
6.113100000000000200e+00 8.920493291595801367e-04 5.576299999999999812e+00 4.133632833320641589e-03 5.919699999999999740e+00 5.838096518349240567e-04 2.723424206052016849e+00 1.169140665301331670e-02
1.249029999999999951e+01 9.866596390469093304e-04 1.052539999999999942e+01 5.774659872990882837e-04 1.150999999999999979e+01 3.533631236188361805e-04 8.183876658389776182e+00 2.210348384924815980e-03
1.585849999999999937e+01 4.734813135057345558e-03 1.296180000000000021e+01 2.041824165491302329e-03 1.420139999999999958e+01 8.748982667064197916e-04 1.066223715392146509e+01 2.790229246227581700e-03
1.785219999999999985e+01 1.070960741763661399e-02 1.448269999999999946e+01 2.314665188564606242e-03 1.581729999999999947e+01 6.802924830356079158e-04 1.241958934458324393e+01 5.195424650333495091e-03
9.807199999999999918e+00 3.659879997303309811e-03 8.512100000000000222e+00 2.538555061959317082e-03 9.234299999999999287e+00 1.125469057738156739e-03 5.770924268226831799e+00 3.730859800928955534e-03
1.427510000000000012e+01 2.129820706971634597e-03 1.174610000000000021e+01 8.470432204712123733e-04 1.290399999999999991e+01 4.617694342607792492e-04 9.464463451968580188e+00 2.234938070955940024e-03
1.931790000000000163e+01 4.036208178438661920e-02 1.539250000000000007e+01 2.356871513230728715e-03 1.681670000000000087e+01 1.042056971744471537e-03 1.371331825376657854e+01 7.432537335541336380e-03
1.501849999999999952e+01 3.377107309486780673e-03 1.229289999999999949e+01 1.402547408670490325e-03 1.349450000000000038e+01 7.185096949242274168e-04 9.977716278214398216e+00 2.085401852279871425e-03
1.644750000000000156e+01 5.844538946008504855e-03 1.340000000000000036e+01 2.906545308526301257e-03 1.466769999999999996e+01 1.387385315239336465e-03 1.141272700471533597e+01 3.385924395522610115e-03
1.083019999999999960e+01 5.773063221141063947e-03 9.242000000000000881e+00 3.473367670111008124e-03 1.008970000000000056e+01 1.497489793666556372e-03 6.852349073983631911e+00 3.756891488076027994e-03
1.452960000000000029e+01 2.616556211591757920e-03 1.195350000000000001e+01 1.729876999553884307e-03 1.312030000000000030e+01 6.806848602255700063e-04 9.963128926801660512e+00 1.805187646901199906e-03
1.703369999999999962e+01 5.225682244789911154e-03 1.394410000000000061e+01 1.545295398585274727e-03 1.522320000000000029e+01 7.133358737500492550e-04 1.172509032435351273e+01 3.717204158433658982e-03
1.371499999999999986e+01 2.567003972006809236e-03 1.132520000000000060e+01 1.103248554560881190e-03 1.244769999999999932e+01 5.423439263914002582e-04 9.266605762904324806e+00 1.877612682820890399e-03
9.688000000000000611e+00 5.365918750617771835e-03 8.457900000000000418e+00 3.296114146933819006e-03 9.168400000000000105e+00 1.504899718630019071e-03 5.510236627107419238e+00 2.694067967184294969e-03
8.217900000000000205e+00 1.272595145164504178e-03 7.405100000000000016e+00 7.470962237146317169e-04 7.896899999999999586e+00 3.468961969666471690e-04 4.608421103591056500e+00 2.384037980669451769e-03
7.288100000000000023e+00 4.031202893062145400e-04 6.685599999999999987e+00 5.059083369056716637e-04 7.066300000000000026e+00 2.091452655586632933e-04 3.386491129965602198e+00 2.688350282850261817e-03
1.637549999999999883e+01 4.319118466067308273e-03 1.331949999999999967e+01 1.488640570370877974e-03 1.459099999999999930e+01 6.586509587910920841e-04 1.122124483973370346e+01 2.907539499659634197e-03
1.534280000000000044e+01 6.085645423462809726e-03 1.238780000000000037e+01 1.898611548281047652e-03 1.364119999999999955e+01 8.284739761775769583e-04 1.017707506020172481e+01 6.899931241180289054e-03
1.505760000000000076e+01 2.423364506841059907e-03 1.236529999999999951e+01 1.020585802376297200e-03 1.355930000000000035e+01 6.494825626607643888e-04 1.010627962934878177e+01 2.504348757469500308e-03
1.761489999999999867e+01 7.063101743429611723e-03 1.441489999999999938e+01 1.331134677864279992e-03 1.571250000000000036e+01 8.249677076210014176e-04 1.219801825074628354e+01 4.970636328323591036e-03
2.112679999999999936e+01 1.762564935064935001e-01 1.674540000000000006e+01 9.122332381112418023e-03 1.828330000000000055e+01 2.725935224704996006e-03 1.484915474032499105e+01 2.368597761305627283e-02
1.315419999999999945e+01 1.445417753874008197e-03 1.101149999999999984e+01 8.400894452998660181e-04 1.205579999999999963e+01 3.953867779550039228e-04 8.657985518414323067e+00 1.798698848457737061e-03
1.632620000000000005e+01 6.476616559293724325e-03 1.333719999999999928e+01 1.446939509841811298e-03 1.459210000000000029e+01 9.742384135672303670e-04 1.112325982437478622e+01 3.420194163022099824e-03
1.781830000000000069e+01 8.334535963767557634e-03 1.421739999999999959e+01 1.471790700826894295e-03 1.558960000000000079e+01 7.174888485048735260e-04 1.219562378427224303e+01 4.681003148127999870e-03
2.126099999999999923e+01 1.408223086900129706e-01 1.838390000000000057e+01 2.292525337837837685e-02 1.996930000000000049e+01 3.556188791719891093e-03 1.674176300294718089e+01 4.339301789058897657e-02
1.525339999999999918e+01 4.374456083803384028e-03 1.255209999999999937e+01 1.611440105674043092e-03 1.374680000000000035e+01 7.752516958229203545e-04 1.024008308695572822e+01 2.496735342367812412e-03
1.832169999999999987e+01 1.443419303376761338e-02 1.455259999999999998e+01 1.749697838944128288e-03 1.594139999999999979e+01 1.131934236178442060e-03 1.271376700292906214e+01 6.475206756993165912e-03
1.537279999999999980e+01 2.077653182287878854e-03 1.228309999999999924e+01 6.900860589573773029e-04 1.357150000000000034e+01 7.977926858839175543e-04 1.033983116491451248e+01 4.874762218092945978e-03
1.716120000000000090e+01 6.337127181462673571e-03 1.390300000000000047e+01 1.063408423114593554e-03 1.521209999999999951e+01 6.082508879452330330e-04 1.214878213096668524e+01 3.397938106060004182e-03
1.639329999999999998e+01 3.576218708827403822e-03 1.336459999999999937e+01 8.537973986757466018e-04 1.462930000000000064e+01 4.560648892958704529e-04 1.132068580348386178e+01 2.413163989006433894e-03
1.411239999999999917e+01 2.174829237025018187e-03 1.166259999999999941e+01 9.532982711843570808e-04 1.279669999999999952e+01 6.232756789648619383e-04 9.514038387346319681e+00 2.655948682810089709e-03
1.761149999999999949e+01 9.650164429828458554e-03 1.417340000000000089e+01 1.316479332630072748e-03 1.552449999999999974e+01 7.661757545392317839e-04 1.200398409339494776e+01 6.967018269112103430e-03
5.446900000000000297e+00 9.017174938542289004e-04 5.107700000000000351e+00 1.421441943888037676e-03 5.323800000000000310e+00 5.400831708384734803e-04 1.896401395308425109e+00 9.665738293721028510e-03
1.584040000000000070e+01 7.341537629319088570e-03 1.280109999999999992e+01 2.191112366806587108e-03 1.407549999999999990e+01 8.661390940855497175e-04 1.093536234847046629e+01 2.278948097927750369e-03
1.759260000000000090e+01 7.653062663001338264e-03 1.411950000000000038e+01 1.446053034641663114e-03 1.547429999999999950e+01 6.315856829564822118e-04 1.234226177599469843e+01 3.838181610165686611e-03
1.654520000000000124e+01 3.452493004324598894e-03 1.352790000000000070e+01 1.192229981991478963e-03 1.479049999999999976e+01 6.663597977119850579e-04 1.154232165818132394e+01 2.914854291378778453e-03
1.806650000000000134e+01 9.212897751378871722e-03 1.461040000000000028e+01 1.476936052126834624e-03 1.595359999999999978e+01 7.521006365985272689e-04 1.280227607677961288e+01 4.547748616989675391e-03
1.521470000000000056e+01 5.149836361049185858e-03 1.252630000000000088e+01 2.045093237897909269e-03 1.371940000000000026e+01 8.222562176244281856e-04 1.010366131922137178e+01 2.376023833516857208e-03
5.456299999999999706e+00 9.106341577971801713e-04 5.095600000000000129e+00 1.539816482534639907e-03 5.326200000000000045e+00 6.706942668470438100e-04 2.084601882639477211e+00 8.016773496835523719e-03
1.642770000000000152e+01 3.194010531580031027e-03 1.330959999999999965e+01 1.096153457849570858e-03 1.469500000000000028e+01 2.488403006967363461e-03 1.100666206911313161e+01 4.666373684187821724e-02
1.371959999999999980e+01 1.008012180742913879e-03 1.411090000000000089e+01 7.677089078387283215e-04 1.384639999999999915e+01 6.308627341607399514e-04 1.038665960621330875e+01 3.853087763904554028e-03
1.297600000000000087e+01 2.083034361030638645e-03 1.093500000000000050e+01 1.248823915068839746e-03 1.195069999999999943e+01 6.447770057604369645e-04 8.371838197967404582e+00 2.834772550499132116e-03
1.183280000000000065e+01 1.329895518183265820e-03 9.930600000000000094e+00 4.928617795390684243e-04 1.089129999999999932e+01 3.456702865675253134e-04 7.382617162700569224e+00 3.277726819920041487e-03
2.154589999999999961e+01 4.468065843621398803e-01 1.874549999999999983e+01 7.503386316516930110e-02 2.036830000000000140e+01 7.676871950788375157e-03 1.715110610357439924e+01 8.432276490936872759e-02
1.694620000000000104e+01 4.875566931608963164e-03 1.374830000000000041e+01 1.369949781714487492e-03 1.504620000000000068e+01 7.843865365303895418e-04 1.180189479290924481e+01 3.103628978517281294e-03
1.872009999999999863e+01 2.839278242677823957e-02 1.482249999999999979e+01 1.610627345685422020e-03 1.627359999999999829e+01 1.518814872842234745e-03 1.304337339685854857e+01 1.221322198066826688e-02
1.360330000000000084e+01 1.217811676294094578e-03 1.138480000000000025e+01 5.755863268162347748e-04 1.245320000000000071e+01 3.435516431776327261e-04 8.853358720693512041e+00 1.771404518657810137e-03
1.311730000000000018e+01 1.223975830270782224e-03 1.096570000000000000e+01 7.073086519481703877e-04 1.201290000000000013e+01 3.649448082068381186e-04 8.640067791734734826e+00 1.806771268130715315e-03
2.162740000000000151e+01 1.164957081545064249e-01 1.827179999999999893e+01 2.356718037768612897e-02 1.984690000000000154e+01 3.445699777848301813e-03 1.662319952763689201e+01 5.330584794954341260e-02
1.539070000000000071e+01 1.878540408671730078e-03 1.258990000000000009e+01 6.595592166010593458e-04 1.380700000000000038e+01 4.043438266938279642e-04 1.037359367749293959e+01 2.030186864163641049e-03
1.663390000000000057e+01 5.058894790793028694e-03 1.342960000000000065e+01 1.514366212898906250e-03 1.472560000000000002e+01 7.177544639020552513e-04 1.144224901538803252e+01 3.155823199506738262e-03
1.313000000000000078e+01 3.976778258003076626e-03 1.067500000000000071e+01 2.374655526879838625e-03 1.181119999999999948e+01 9.352571280902746004e-04 8.558364759083604056e+00 2.554903339698301468e-03
1.519589999999999996e+01 4.939897174575730993e-03 1.237500000000000000e+01 2.219782466470395735e-03 1.359960000000000058e+01 1.064503161919701886e-03 1.056923003292918573e+01 2.252967067686260060e-03
1.287630000000000052e+01 9.265574330090458818e-04 1.081029999999999980e+01 6.584712046965212262e-04 1.182709999999999972e+01 2.867563941388380933e-04 8.425856466881597839e+00 1.616722981927501022e-03
7.230400000000000382e+00 7.646164030479301807e-04 6.569300000000000139e+00 8.882907353470562714e-04 6.981700000000000017e+00 2.893994722392515266e-04 3.710528465572441092e+00 2.114967594330307340e-03
1.836880000000000024e+01 1.578798894866947911e-02 1.486640000000000050e+01 1.970847703757487579e-03 1.621999999999999886e+01 8.593658482531539794e-04 1.285280571982096376e+01 6.556341882663219676e-03
1.749530000000000030e+01 6.682710654274635030e-03 1.414100000000000001e+01 2.547967708626677676e-03 1.546850000000000058e+01 8.367164501163668576e-04 1.244967114392900065e+01 4.927763512651499311e-03
1.787040000000000006e+01 1.437495035085396486e-02 1.449179999999999957e+01 1.783029248025224701e-03 1.582249999999999979e+01 9.702770330652367133e-04 1.254985877183815468e+01 5.379926886060200190e-03
1.148600000000000065e+01 1.371524575875093105e-03 9.842800000000000438e+00 7.970722969401537955e-04 1.070379999999999932e+01 4.140458457748439161e-04 7.374459661639145125e+00 1.807650690864219187e-03
8.199099999999999611e+00 2.216338695190658934e-03 7.404099999999999682e+00 1.688317342829152813e-03 7.884900000000000020e+00 6.581957722315512566e-04 4.501779359669308533e+00 3.413666677550332342e-03
nan nan nan nan 1.903819999999999979e+01 4.472298883717098182e-03 1.590137940290860286e+01 3.788381699283688980e-02
1.889430000000000121e+01 2.752192648922686599e-02 1.510810000000000031e+01 5.396858534645590857e-03 1.654019999999999868e+01 1.428812064904130688e-03 1.335543797260546661e+01 9.185493176327054823e-03
1.361159999999999926e+01 2.226336942257217764e-03 1.134009999999999962e+01 1.123721796729455465e-03 1.242769999999999975e+01 6.410045990990724659e-04 9.084735246098905037e+00 2.346478959523300503e-02
2.011120000000000019e+01 6.018514412416851173e-02 1.605239999999999867e+01 7.260046807087929509e-03 1.759900000000000020e+01 1.125854184597198122e-03 1.427297711278387027e+01 1.955228757198619605e-02
1.532639999999999958e+01 2.930235068685396564e-03 1.234730000000000061e+01 9.511603255394265183e-04 1.361100000000000065e+01 7.546254465588901053e-04 1.029029455659909154e+01 5.893550318820569775e-03
7.151799999999999713e+00 3.918266888490312141e-04 6.528100000000000236e+00 4.386899182209004922e-04 6.921100000000000030e+00 1.892324316787506679e-04 3.583494287616823648e+00 3.024496464313029646e-03
1.674439999999999884e+01 6.373583798062811522e-03 1.355910000000000082e+01 1.825294621992837969e-03 1.485580000000000034e+01 6.952206541505518431e-04 1.169183390717993909e+01 3.035099728475954342e-03
1.429229999999999912e+01 2.078448638921857362e-03 1.183350000000000080e+01 9.827213236425513289e-04 1.297000000000000064e+01 7.078620186070163928e-04 9.525695291444961299e+00 2.751911818340631918e-03
1.632359999999999900e+01 3.834775544802740584e-03 1.340620000000000012e+01 9.151550910316923453e-04 1.464869999999999983e+01 4.772861149453582418e-04 1.108367536984425961e+01 2.963292274259357595e-03
2.082560000000000144e+01 1.419267973856208898e-01 1.680549999999999855e+01 7.412206444565811424e-03 1.838560000000000016e+01 1.863227622185612128e-03 1.515998211258117045e+01 2.123075404470541050e-02
1.659209999999999852e+01 3.292216258831377057e-03 1.352640000000000065e+01 1.134951496905836936e-03 1.479889999999999972e+01 5.108643485625557513e-04 1.124003430868796372e+01 3.204430037765561810e-03
4.302699999999999747e+00 8.294486588896782687e-04 4.116299999999999848e+00 1.430883380118346286e-03 4.253400000000000070e+00 1.148554442458029614e-03 9.685710523959878415e-01 1.896115535357884019e-02
1.611060000000000159e+01 2.873392261684221387e-03 1.312040000000000006e+01 9.624927973050839474e-04 1.437650000000000006e+01 4.928438817799283417e-04 1.109492124415887382e+01 2.409986819318131815e-03
1.528289999999999971e+01 4.710981906538811402e-03 1.253320000000000078e+01 1.638308788025108487e-03 1.373949999999999960e+01 7.467519515801780781e-04 1.030915231266731169e+01 2.320919559818482650e-03
2.002819999999999823e+01 6.345645821157218369e-02 1.604820000000000135e+01 2.994401389999724189e-03 1.752029999999999887e+01 1.263649166094435450e-03 1.401805439249509533e+01 1.408334983539177507e-02
1.415380000000000038e+01 1.094198151712739379e-03 1.444059999999999988e+01 9.699303198141860172e-04 1.424239999999999995e+01 6.438898838822929059e-04 1.086710301007450852e+01 3.597068447760855010e-03
1.001370000000000005e+01 6.784730076799539702e-04 8.582200000000000273e+00 4.990279035349379265e-04 9.358499999999999375e+00 4.161406171547715792e-04 6.138629285965613747e+00 2.364592665935656354e-02
7.644499999999999851e+00 1.720774692532014592e-03 6.931099999999999817e+00 1.380575759117033544e-03 7.370700000000000252e+00 5.536580266492607642e-04 4.097764713687591431e+00 2.089134861482124222e-03
1.664959999999999951e+01 4.455780358681823289e-03 1.335800000000000054e+01 1.316607045413205552e-03 1.467420000000000080e+01 5.407691119998804790e-04 1.129756675094622764e+01 6.283044830397337480e-03
1.637049999999999983e+01 4.423827567941979004e-03 1.341840000000000011e+01 1.982073095038153990e-03 1.466859999999999964e+01 8.874992847625820394e-04 1.112222240009611518e+01 3.425700140947921142e-03
1.067070000000000007e+01 6.617541293350398882e-03 8.955500000000000682e+00 2.394081718153954434e-03 1.063659999999999961e+01 1.221181207751746147e-03 7.559531807427593009e+00 1.157181687043264996e-02
1.067270000000000074e+01 2.178188821570436855e-03 8.958199999999999719e+00 1.883428452478012449e-03 1.051529999999999987e+01 8.630683624801271155e-04 7.431593408540877022e+00 7.935495745073578230e-03
1.428919999999999924e+01 2.433412524093415182e-03 1.163390000000000057e+01 1.055294746561695083e-03 1.282489999999999952e+01 5.506032222565937582e-04 9.782839117549745112e+00 2.210557980060714155e-03
1.498290000000000077e+01 3.734016576675722957e-03 1.223709999999999987e+01 1.959571895247892541e-03 1.344200000000000017e+01 8.872091978067773825e-04 1.006660025009959369e+01 2.254617257502665884e-03
1.725840000000000174e+01 5.752874476765749978e-03 1.408949999999999925e+01 1.603112495755016319e-03 1.538030000000000008e+01 7.065491839550198374e-04 1.192301535892342379e+01 3.960635368645712591e-03
1.349189999999999934e+01 2.895383876903383745e-03 1.114939999999999998e+01 1.773013047667259829e-03 1.225680000000000014e+01 6.986159458989915985e-04 9.096745967655516907e+00 2.313533658778703025e-03
1.131969999999999921e+01 7.826845444059976967e-03 9.635500000000000398e+00 4.634764791257577239e-03 1.051960000000000051e+01 1.949824006896056167e-03 7.164554277247145109e+00 2.866526161122808121e-03
1.533730000000000082e+01 5.422734991509339277e-03 1.246909999999999918e+01 2.098900036729880753e-03 1.370330000000000048e+01 9.170333707779757459e-04 1.035658617355697153e+01 2.220407126170012135e-03
6.725900000000000212e+00 5.943333223853472080e-04 6.154099999999999682e+00 5.906249830005058524e-04 6.517900000000000027e+00 2.049826874643648775e-04 3.211875158159027244e+00 2.264673112123083420e-03
1.071460000000000079e+01 1.698751447257251931e-03 9.334899999999999309e+00 1.175386747209682418e-03 1.008549999999999969e+01 5.235635925256177650e-04 6.681655090801362107e+00 1.813882543364824440e-03
5.078400000000000247e+00 5.784319993180752489e-04 4.794400000000000439e+00 1.050373910435632111e-03 4.974599999999999689e+00 6.111886694737789618e-04 1.556129511729282378e+00 9.445302017611454867e-03
1.548700000000000010e+01 3.717014720985963028e-03 1.269759999999999955e+01 1.634805914415635251e-03 1.391269999999999918e+01 6.281799825270915644e-04 1.069655680834800116e+01 1.953504001572690333e-03
5.472000000000000419e+00 7.262572074542802177e-04 5.104099999999999859e+00 3.096540512791261333e-03 5.340600000000000236e+00 6.137904133053687875e-04 2.001883120821025486e+00 7.477010427778141115e-03
1.676010000000000133e+01 4.740394690883688138e-03 1.359290000000000020e+01 1.249068151488656568e-03 1.489140000000000086e+01 6.203980412212082825e-04 1.147879156961509572e+01 3.718285185247173497e-03
nan nan nan nan 1.248789999999999978e+01 1.218536059796637575e-03 9.101166861066189995e+00 7.954001000636177349e-03
9.248200000000000642e+00 1.008920772390209256e-03 8.258100000000000662e+00 8.343887368971134597e-04 8.839600000000000790e+00 2.607745369302896929e-04 5.437836440917115155e+00 2.200914267177258611e-03
1.023380000000000045e+01 1.311660384652556200e-03 8.953099999999999170e+00 8.182592377665065704e-04 9.665200000000000458e+00 3.539563936050908462e-04 6.464187755172002170e+00 2.059115335302675199e-03
1.143040000000000056e+01 6.633511531999389125e-04 9.533899999999999153e+00 3.177400521499412702e-04 1.049140000000000050e+01 2.416686699253006764e-04 7.267986993922798789e+00 2.279845606363779028e-03
1.514160000000000039e+01 3.410951588074518509e-03 1.241210000000000058e+01 1.106092094539527174e-03 1.361519999999999975e+01 6.160157047863286123e-04 1.015225227106837202e+01 2.088291934086657347e-03
1.484720000000000084e+01 1.757970240119168881e-03 1.500670000000000037e+01 1.424986547320620080e-03 1.491319999999999979e+01 4.329952821723542051e-04 1.160149445513071065e+01 3.313562700217978583e-03
1.679289999999999949e+01 4.830234006584215034e-03 1.373700000000000010e+01 1.386074656589899147e-03 1.500689999999999991e+01 6.040009345898374226e-04 1.152212392121682782e+01 3.527658982538604219e-03
1.790449999999999875e+01 7.524185724185723789e-02 1.472320000000000029e+01 1.675524691358024759e-02 1.615230000000000032e+01 5.105112447514305535e-04 1.269117034258543519e+01 5.262949223261736628e-03
1.798629999999999995e+01 3.474367999999999901e-02 1.459639999999999915e+01 2.606192990878540561e-02 1.612470000000000070e+01 6.572992214648084837e-04 1.266164527826652275e+01 5.160691843572284311e-03
1.601089999999999947e+01 2.429220270723794674e-03 1.302480000000000082e+01 8.494155935597940462e-04 1.428079999999999927e+01 6.555015546231171379e-04 1.100580519089021081e+01 2.559910144773776177e-03
2.127449999999999974e+01 1.369155107187894072e-01 1.708249999999999957e+01 8.193027467552066803e-03 1.863830000000000098e+01 2.137535929440484948e-03 1.508021692199887553e+01 2.924654904108475034e-02
1.737969999999999970e+01 7.269768998995647727e-03 1.415409999999999968e+01 1.279538972823909306e-03 1.546069999999999922e+01 5.952424028113572447e-04 1.214739719694209441e+01 3.970578250534519127e-03
1.173780000000000001e+01 1.019780591351391761e-03 1.004739999999999966e+01 6.739959029114159228e-04 1.092779999999999951e+01 3.127987208481583276e-04 7.531853630338137151e+00 1.934263949967814132e-03
2.073939999999999984e+01 8.950865622423741230e-02 1.660579999999999856e+01 9.401974367855904166e-03 1.813169999999999860e+01 1.837154604984855746e-03 1.467452206780619228e+01 1.827107609218094758e-02
8.464399999999999480e+00 1.016458208508088431e-03 7.643799999999999706e+00 7.508523454194645022e-04 8.138799999999999812e+00 3.193165107934827504e-04 4.697675228178697537e+00 8.681807339544383648e-03
8.126099999999999213e+00 4.769087506918150338e-04 7.318500000000000227e+00 4.773994407021122689e-04 7.807199999999999918e+00 2.305410518671714606e-04 4.130226721958313973e+00 3.517811256715477203e-02
1.253299999999999947e+01 8.719682611070062256e-04 1.069079999999999941e+01 4.811418999463792250e-04 1.162940000000000040e+01 3.824967589200157711e-04 7.929637624976608734e+00 3.633146592135898332e-03
4.714900000000000091e+00 8.499408969571717147e-04 4.367899999999999672e+00 1.662567950386647196e-03 4.601600000000000357e+00 1.113145645799585746e-03 1.277384497673716091e+00 1.512039273821346244e-02
1.701899999999999835e+01 1.810170056685561982e-02 1.389429999999999943e+01 1.664658172730478424e-03 1.519549999999999912e+01 6.633916842330369202e-04 1.190217792590495982e+01 3.908854607290053983e-03
2.092350000000000065e+01 1.551057142857142634e-01 1.796219999999999928e+01 1.544218461100838914e-02 1.953859999999999886e+01 2.954233783195472137e-03 1.627983216925616716e+01 4.200252159393499246e-02
1.902990000000000137e+01 3.252666267225882979e-02 1.532620000000000005e+01 2.465405663162196972e-03 1.672240000000000038e+01 8.839587387138006427e-04 1.330581547099723316e+01 8.233289229401316925e-03
9.573999999999999844e+00 1.277220967438358508e-03 8.545799999999999841e+00 6.061049270378598844e-04 9.142799999999999372e+00 3.444857968696953985e-04 5.647189829942847794e+00 1.956254178920021746e-03
1.606400000000000006e+01 2.895615532323447729e-03 1.314550000000000018e+01 8.274448238019752998e-04 1.438879999999999981e+01 4.766993616143166946e-04 1.100175693850668068e+01 2.671210476853843989e-03
1.945149999999999935e+01 4.628047740835464219e-02 1.560820000000000007e+01 2.916852483679445180e-03 1.702179999999999893e+01 1.022585141651597253e-03 1.362180402132363888e+01 1.038039286318440980e-02
4.712100000000000399e+00 5.844507485021881036e-04 4.477800000000000225e+00 1.358074724504984348e-03 4.641700000000000159e+00 9.248920274978489082e-04 9.457524553348939378e-01 2.320296746325622647e-02
1.825659999999999883e+01 1.471192411924119280e-02 1.476559999999999917e+01 2.071667080081664950e-03 1.612130000000000152e+01 6.310093918541937082e-04 1.268006930527877429e+01 6.238170361820398642e-03
1.580450000000000088e+01 6.944735832160675061e-03 1.286459999999999937e+01 3.441113083164300084e-03 1.411459999999999937e+01 1.316990332480197975e-03 1.069969050524055731e+01 2.796157542251381453e-03
1.561459999999999937e+01 5.374418374418373640e-03 1.259019999999999939e+01 2.010145705663451358e-03 1.429369999999999941e+01 1.060116972768192656e-03 1.115254779256589757e+01 6.064964786629952094e-03
1.389520000000000088e+01 8.243413560094144457e-03 1.157610000000000028e+01 4.216793537362124346e-03 1.267609999999999992e+01 1.611105340475731205e-03 9.033100602205312413e+00 2.686079803000033291e-03
1.533070000000000022e+01 3.586851668318467162e-02 1.244340000000000046e+01 3.268332329921733864e-02 1.396519999999999939e+01 9.158730292626552239e-04 1.056946109915877230e+01 7.123101757650470746e-03
nan nan nan nan 1.409609999999999985e+01 2.413882033838013128e-03 1.070243469787394375e+01 7.457663545437942000e-03
1.220609999999999928e+01 1.952875155134269547e-03 1.032639999999999958e+01 1.088897803630528354e-03 1.127389999999999937e+01 5.523033410653969272e-04 7.957299136728579469e+00 2.366739636235604648e-03
2.125159999999999982e+01 2.375798687089715200e-01 1.717599999999999838e+01 8.745388642770841534e-03 1.874399999999999977e+01 2.584233826819631440e-03 1.557555433383367749e+01 3.153188869485044898e-02
6.269000000000000128e+00 1.087512645612347985e-03 5.671899999999999942e+00 1.587083948487816049e-03 6.048000000000000043e+00 3.902703790770734580e-04 2.668794708372384861e+00 3.365254613856224781e-03
5.650699999999999612e+00 1.558224977754815027e-03 5.259900000000000020e+00 1.927600042609097040e-03 5.511099999999999888e+00 7.736938118176894547e-04 2.221040845240943362e+00 6.187139376758048724e-03
1.279059999999999953e+01 1.014217389679781698e-03 1.070780000000000065e+01 1.187769390657477265e-03 1.177059999999999995e+01 3.977550399865184528e-04 8.396022193770448894e+00 2.388797782165289797e-03
1.304720000000000013e+01 8.328015217991592035e-04 1.095480000000000054e+01 5.208385301736543575e-04 1.198049999999999926e+01 2.926617572536038391e-04 8.576134441409193343e+00 1.772873081645663868e-03
1.690950000000000131e+01 5.285463927563041793e-03 1.380230000000000068e+01 2.195321188102796438e-03 1.508179999999999943e+01 1.043629547748353963e-03 1.179322237112874383e+01 4.001010158280259715e-03
1.110180000000000078e+01 9.559505885874780258e-04 9.532600000000000406e+00 9.139225589225589063e-04 1.036420000000000030e+01 4.129843553276707989e-04 7.183293687820889062e+00 1.849753237505003065e-03
1.617419999999999902e+01 2.734379328581862129e-03 1.321589999999999954e+01 7.339056374205758229e-04 1.446260000000000012e+01 5.386470074615017480e-04 1.120772422103883592e+01 2.339605829270790735e-03
1.062289999999999957e+01 2.934194524768262043e-03 9.292099999999999582e+00 2.292283331573947112e-03 1.002609999999999957e+01 9.019497080006977623e-04 6.576591359280998361e+00 2.045653044214171268e-02
9.681300000000000239e+00 6.788590436174469752e-04 8.592299999999999827e+00 4.354560549303343421e-04 9.218400000000000816e+00 2.229834776090282842e-04 5.761542162995263894e+00 1.706740792525313164e-03
5.985199999999999854e+00 7.158331959782428863e-04 5.528200000000000003e+00 1.154440770236791298e-03 5.822600000000000442e+00 3.694476014182562491e-04 2.102819493510158289e+00 6.305229822508426341e-02
2.167259999999999920e+01 2.603693045563549302e-01 1.865820000000000078e+01 5.955787164015358820e-02 2.022390000000000043e+01 6.592628574898293584e-03 1.652007701099366699e+01 8.047451289782776851e-02
5.798199999999999577e+00 1.231151277370193427e-03 5.371400000000000396e+00 1.879971603206759745e-03 5.644199999999999662e+00 8.907685744289838784e-04 2.358976758979949295e+00 7.414840533404319645e-03
6.697199999999999598e+00 8.875283038918362327e-04 6.148399999999999643e+00 5.401180982892164143e-04 6.498999999999999666e+00 2.940719213236946605e-04 3.076752672109525300e+00 2.854482889561967256e-03
1.522170000000000023e+01 7.487345700296531119e-03 1.229579999999999984e+01 3.231657588475161155e-03 1.354349999999999987e+01 1.406107542478242855e-03 1.017107831681574126e+01 2.179706845242949942e-02
1.591159999999999997e+01 5.975125199493698004e-03 1.304889999999999972e+01 2.314270489182564030e-03 1.427880000000000038e+01 1.164657169827512228e-03 1.081916643584014892e+01 3.314671653680078319e-03
1.698880000000000123e+01 5.887003199045707895e-03 1.384159999999999968e+01 1.331542801079224885e-03 1.512739999999999974e+01 8.025041760905878572e-04 1.169684151056933885e+01 4.269161752856106065e-03
9.311199999999999477e+00 1.845743234054127374e-03 8.297900000000000276e+00 1.346854725664595014e-03 8.887199999999999989e+00 5.521292067980024948e-04 5.546966976456001674e+00 1.996943509666177039e-03
1.651279999999999859e+01 3.634397804110597700e-03 1.348629999999999995e+01 1.118235936309143475e-03 1.474949999999999939e+01 6.112540464461646084e-04 1.140136591591543791e+01 3.114117122000213331e-03
nan nan nan nan 1.478299999999999947e+01 9.790349777725677102e-04 1.138767597734297610e+01 6.263271420872762799e-03
1.240290000000000070e+01 1.282622563496751186e-03 1.049119999999999919e+01 1.980988176908480419e-03 1.147049999999999947e+01 6.267259293465711218e-04 8.064884373304908038e+00 2.952643335739262367e-03
1.695230000000000103e+01 6.527233377419742501e-03 1.386960000000000015e+01 1.502920738628498679e-03 1.514460000000000051e+01 6.697179232539060643e-04 1.172518591749452632e+01 3.870285124055131403e-03
1.481209999999999916e+01 2.694344492145817147e-03 1.230039999999999978e+01 1.459288728797612962e-03 1.344950000000000045e+01 6.931081150094478257e-04 9.739571817033706225e+00 2.401459321943966163e-03
1.555889999999999951e+01 2.885074269922674114e-03 1.267619999999999969e+01 1.287886695767697818e-03 1.391039999999999921e+01 8.249489032238455869e-04 1.092196489366999756e+01 2.240079337209408255e-03
1.525559999999999938e+01 3.942411038489470124e-03 1.254829999999999934e+01 1.806315299128235597e-03 1.375050000000000061e+01 8.640092947009062573e-04 1.015793943970040658e+01 3.219710900049851249e-03
1.175050000000000061e+01 1.520708153003627518e-03 1.004349999999999987e+01 9.732341340982431565e-04 1.092980000000000018e+01 4.614436529928769132e-04 7.538620405377484346e+00 1.883354092671601357e-03
8.647100000000000009e+00 2.250938115476313478e-03 7.783599999999999852e+00 1.476433952514346129e-03 8.303900000000000503e+00 7.133124412821675083e-04 4.849494659777795036e+00 2.552795807223775734e-03
1.850720000000000098e+01 1.891862693849102536e-02 1.465629999999999988e+01 2.078966012446146344e-03 1.609080000000000155e+01 1.873613004538473431e-03 1.280143234977862754e+01 9.263536711063632620e-03
2.157339999999999947e+01 2.285768421052631338e-01 1.893990000000000151e+01 2.934432432432432236e-02 2.054309999999999903e+01 9.023769946808510994e-03 1.680760776396172673e+01 1.455292456298787340e-01
1.961120000000000019e+01 3.949581666060385243e-02 1.567450000000000010e+01 5.153502942851717616e-03 1.711659999999999826e+01 1.373085629734549029e-03 1.384454676870324441e+01 9.430740821488182990e-03
1.606390000000000029e+01 6.764735202492211386e-03 1.310249999999999915e+01 1.253437388162223758e-03 1.435549999999999926e+01 7.371844488803791506e-04 1.110256763407365810e+01 3.079122859484478489e-03
1.543270000000000053e+01 2.919440709868244277e-02 1.245989999999999931e+01 3.020979410127990969e-02 1.433060000000000045e+01 1.346203441948122656e-03 1.107173477852623833e+01 1.133398341028332354e-02
5.317599999999999660e+00 1.477981514000626089e-03 5.001599999999999824e+00 1.907350151078631090e-03 5.201900000000000190e+00 9.128468135194214590e-04 1.822282898697432429e+00 1.238503010397220931e-02
1.467680000000000007e+01 3.226471724465840470e-03 1.208290000000000042e+01 1.588175062898601522e-03 1.325619999999999976e+01 6.822760549219216092e-04 9.791860953278900936e+00 1.824935853102563170e-03
1.586379999999999946e+01 3.533849759145944389e-03 1.298230000000000040e+01 1.632470793426453459e-03 1.421829999999999927e+01 8.174091110993999230e-04 1.084228358810864989e+01 2.903104497194585517e-03
1.605059999999999931e+01 4.477462988164459742e-03 1.305940000000000012e+01 9.391970796605624483e-04 1.431630000000000003e+01 6.142592047794699943e-04 1.098514800436737282e+01 2.822518828500427540e-03
1.070229999999999926e+01 1.086457061660695955e-03 9.217000000000000526e+00 1.191405778494694472e-03 1.002190000000000047e+01 3.601354645898082818e-04 6.935046541984588586e+00 2.248724705144924344e-03
3.973300000000000054e+00 1.483251366120218358e-02 2.768299999999999983e+00 5.904611703284750462e-03 3.402800000000000047e+00 1.359826661990881994e-03 8.159346685196933180e-02 1.840333392972335128e-02
6.410599999999999632e+00 1.089509703574367177e-03 5.878499999999999837e+00 9.508021577693707505e-04 6.219000000000000306e+00 3.390426465399063675e-04 2.861305767154424196e+00 3.120141930223281537e-03
1.116900000000000048e+01 9.184529751129306627e-04 9.604400000000000048e+00 4.108371961025446815e-04 1.043350000000000044e+01 3.025516843568958297e-04 7.144527396381709750e+00 1.942471129013119283e-03
1.654799999999999827e+01 5.327216525195034233e-03 1.347349999999999959e+01 1.679698015130184517e-03 1.475019999999999953e+01 8.658835163608232573e-04 1.133267269611155648e+01 3.186673576547995653e-03
9.789799999999999613e+00 1.036644515734799895e-03 8.643700000000000827e+00 5.781517079794456322e-04 9.294700000000000628e+00 2.970715303941928558e-04 6.030666809239685122e+00 1.535367103166673927e-03
1.458709999999999951e+01 1.718214907422060478e-03 1.202800000000000047e+01 8.810250251549871583e-04 1.318999999999999950e+01 5.073053578854411130e-04 9.807704230490058350e+00 1.581462779843988489e-03
1.444270000000000032e+01 3.062477082334358162e-03 1.175479999999999947e+01 1.170558682105353899e-03 1.295110000000000028e+01 6.017346967051846827e-04 9.705343176831711105e+00 2.419705585160485898e-03
1.716700000000000159e+01 6.091107994389901269e-03 1.388490000000000002e+01 1.407857883817427219e-03 1.519599999999999973e+01 6.456281813424669547e-04 1.213721668447797875e+01 3.500935469799172813e-03
1.496299999999999919e+01 2.633501503832346834e-03 1.224760000000000026e+01 6.260537635648633602e-04 1.368970000000000020e+01 1.581973423475929426e-03 1.020924246767977372e+01 3.950280865121583856e-02
1.827580000000000027e+01 1.761421155094094679e-02 1.473249999999999993e+01 1.719684490623415996e-03 1.609090000000000131e+01 7.759997141121394116e-04 1.270746995231033161e+01 6.035490198323813227e-03
1.253229999999999933e+01 1.159520275104926291e-03 1.057019999999999982e+01 7.198244427648938524e-04 1.155410000000000004e+01 5.595703779292999537e-04 8.211438941455151408e+00 2.354136992361182974e-03
5.710600000000000342e+00 5.106961429915333507e-03 5.262999999999999901e+00 1.031385959912605593e-02 5.605699999999999683e+00 5.579198890059350931e-04 2.259797332479183574e+00 5.702383540789553000e-03
1.123729999999999940e+01 1.054126739094554286e-03 9.664300000000000779e+00 6.604539122712036478e-04 1.049810000000000088e+01 3.939850278867402427e-04 7.197542486118736704e+00 1.635660971723832411e-03
8.089800000000000324e+00 1.837807644131487193e-03 7.303799999999999848e+00 1.338387387054226253e-03 7.782399999999999984e+00 5.244411383967385702e-04 4.461594347899770163e+00 2.490960626558606610e-03
9.876799999999999358e+00 1.372356695948935123e-03 8.791800000000000281e+00 8.792128917321238900e-04 9.416299999999999670e+00 4.829095373010189513e-04 5.832353706301919516e+00 2.865616241306318326e-03
1.222269999999999968e+01 8.593862544424127380e-04 1.030729999999999968e+01 6.055471586567688289e-04 1.127040000000000042e+01 4.024105941610546305e-04 7.976682087156287793e+00 2.784519839775109317e-03
5.533900000000000041e+00 9.335924400457448671e-04 5.204699999999999882e+00 1.341811261060853102e-03 5.417600000000000193e+00 6.002908182164991800e-04 2.116645326097598812e+00 6.980766002741387206e-03
8.842499999999999361e+00 1.583680970856792599e-03 7.937999999999999723e+00 1.212250457773212352e-03 8.475600000000000023e+00 4.784745083003917403e-04 5.123301238283319847e+00 2.088043070696358420e-03
9.129799999999999471e+00 8.186540999057491863e-04 8.043699999999999406e+00 5.932551608073698048e-04 8.728500000000000369e+00 2.158485914792946173e-03 5.439329882063807631e+00 2.923915776039485992e-02
7.551000000000000156e+00 6.295969846332270109e-04 6.861500000000000377e+00 6.586269859083160793e-04 7.289200000000000124e+00 2.337453202065890466e-04 3.929466251263424859e+00 2.298268522704128257e-03
3.574800000000000200e+00 1.481227830832196335e-02 3.175499999999999989e+00 2.371232637372237047e-03 3.377899999999999903e+00 1.741670543319591207e-03 7.147699681763874935e-02 3.722050457464568668e-02
7.622200000000000308e+00 1.042737505282163510e-03 6.909200000000000230e+00 7.943896514384382948e-04 7.349499999999999922e+00 3.252812439144958244e-04 4.206778909565087154e+00 7.899186789044930837e-03
6.570899999999999963e+00 7.330088238669735029e-04 5.926499999999999879e+00 7.800921102736723799e-04 6.341599999999999682e+00 2.780127824323493329e-04 2.963835427525431498e+00 5.106142653632862738e-02
6.611399999999999721e+00 8.504135597468512504e-04 6.027199999999999669e+00 1.121030025193077949e-03 6.406900000000000261e+00 2.382476921085142419e-04 3.163271881797182772e+00 2.464158475938734317e-03
1.219030000000000058e+01 8.578788094278648642e-04 1.029349999999999987e+01 4.710041819222960400e-04 1.125109999999999921e+01 3.469882136374095264e-04 7.978752790173111009e+00 2.459882842631313290e-03
4.825599999999999667e+00 8.852560600748489135e-04 4.592600000000000016e+00 1.698724868966596142e-03 4.751999999999999780e+00 1.127936089092967768e-03 1.482492916854952547e+00 1.404293692761668030e-02
1.533660000000000068e+01 3.305949698556725786e-03 1.258159999999999989e+01 1.994965456416286729e-03 1.379139999999999944e+01 7.792690629306384250e-04 1.033069790299233226e+01 2.262156101950393416e-03
1.055369999999999919e+01 1.013488411167844236e-03 9.180999999999999162e+00 7.793305913851144434e-04 9.932399999999999451e+00 4.261798312928587683e-04 6.626474687088093063e+00 2.085305842295329809e-03
1.453720000000000034e+01 2.686477792898676019e-03 1.189199999999999946e+01 1.189070200416164538e-03 1.307450000000000045e+01 6.016446675754452559e-04 9.750083751402932819e+00 1.936748219360819295e-03
1.588620000000000054e+01 2.592811940298507447e-03 1.308089999999999975e+01 1.061754955554034159e-03 1.429940000000000033e+01 5.249736483284820222e-04 1.067088215886254865e+01 2.847727339458409283e-03
1.130129999999999946e+01 8.627597441296832714e-04 9.635099999999999554e+00 5.677012527973562817e-04 1.050549999999999962e+01 3.021340894987435579e-04 7.371899466387480615e+00 1.923229337632162503e-03
9.285899999999999821e+00 1.901271320001400979e-03 8.266199999999999548e+00 1.402384365998888974e-03 8.859199999999999520e+00 5.256344464992883641e-04 5.563303683279595901e+00 1.729321509399148974e-03
1.310120000000000040e+01 2.649891391892221504e-03 1.090179999999999971e+01 1.554298966415666857e-03 1.196579999999999977e+01 7.190759714155147688e-04 8.748415011709134603e+00 1.814921624533531817e-03
1.104589999999999961e+01 1.357039296070392800e-03 9.446400000000000574e+00 9.138225615042123821e-04 1.031029999999999980e+01 1.056013227641880783e-03 6.629190245113109725e+00 5.505877532898079824e-02
1.596149999999999913e+01 4.739153208206023371e-02 1.279439999999999955e+01 4.024240177909562538e-02 1.453870000000000040e+01 9.679932955315429226e-04 1.117876219427793316e+01 1.229135337069205136e-02
1.520640000000000036e+01 2.969748358862143913e-03 1.239760000000000062e+01 1.041836989272074609e-03 1.361839999999999939e+01 5.642670048228836527e-04 1.041311609816167305e+01 2.062680743153134412e-03
9.601499999999999702e+00 1.595925446848541667e-03 8.548500000000000654e+00 1.040030652809042448e-03 9.157000000000000028e+00 4.246828783653224903e-04 5.728022027714242626e+00 1.893608909348043880e-03
1.529379999999999917e+01 3.129565041939295737e-03 1.253289999999999971e+01 1.049166070772858091e-03 1.374239999999999995e+01 6.714699188600830237e-04 1.040287464223039748e+01 2.183000367717600337e-03
1.504059999999999953e+01 3.289822137381450372e-03 1.235730000000000040e+01 1.338965074980268209e-03 1.354989999999999917e+01 6.844221992485942548e-04 1.030859172790379574e+01 2.140203001192540668e-03
1.678519999999999968e+01 6.453135215453193949e-03 1.372739999999999938e+01 2.032954481622259012e-03 1.499859999999999971e+01 8.489374012854393600e-04 1.163539467193165144e+01 3.536875321688448103e-03
1.425210000000000043e+01 1.202689529886127005e-03 1.450489999999999924e+01 1.564737418573816739e-03 1.432949999999999946e+01 6.508998477272999548e-04 1.105028196815603359e+01 3.233735092588574996e-03
8.372199999999999420e+00 1.228963393928417681e-03 7.621199999999999974e+00 8.055407169990502899e-04 8.081500000000000128e+00 3.705749040916351406e-04 4.290477156475994036e+00 2.978584477079545406e-03
1.276510000000000034e+01 1.302596218447067775e-03 1.071439999999999948e+01 7.490961777287151934e-04 1.173320000000000007e+01 7.198960343192833435e-04 8.420096918479096360e+00 2.688446558017950575e-03
7.962699999999999889e+00 1.084308712499500562e-03 7.190900000000000070e+00 1.393278324585830183e-03 7.669599999999999973e+00 3.137922463772304326e-04 4.360088768532695447e+00 3.492349763961580256e-03
1.897149999999999892e+01 3.586851668318467162e-02 1.519899999999999984e+01 3.579756017144740832e-03 1.660490000000000066e+01 8.824141350108091579e-04 1.329239597289721964e+01 6.565402065200047314e-03
1.887099999999999866e+01 1.760278858625162132e-02 1.514489999999999981e+01 2.863313905957435516e-03 1.653320000000000078e+01 9.095813750869167309e-04 1.321219391662682874e+01 7.050285752133144714e-03
8.276999999999999247e+00 1.169373599862140239e-03 7.457399999999999807e+00 9.042106665778339636e-04 7.950700000000000323e+00 3.756820816248853572e-04 4.648155959212725286e+00 3.442922599462788173e-03
1.394759999999999955e+01 9.338734926287178698e-04 1.428689999999999927e+01 1.028649928943628587e-03 1.405439999999999934e+01 6.387194314859371983e-04 1.063498591749452515e+01 3.610868476766776382e-03
1.854599999999999937e+01 2.154673546338559120e-02 1.496889999999999965e+01 2.022766226991578806e-03 1.633849999999999980e+01 6.423812848335680014e-04 1.297058897777194453e+01 6.317561213462246326e-03
1.050750000000000028e+01 7.005316540635403129e-04 9.283400000000000318e+00 4.298207068007901246e-04 9.970000000000000639e+00 2.273562977698670147e-04 6.288890245113110566e+00 2.216758890030860307e-03
1.328040000000000020e+01 1.545889455249594042e-03 1.106959999999999944e+01 7.682086405252805351e-04 1.213659999999999961e+01 4.165125789300045344e-04 8.830276543997589656e+00 2.090546343750936554e-03
5.716400000000000148e+00 7.522986634147016318e-04 5.315999999999999837e+00 2.416084382927589144e-03 5.573999999999999844e+00 4.870470969796745629e-04 2.163794623504761816e+00 7.414370606900826458e-03
7.073900000000000077e+00 3.027339012115044196e-04 6.482800000000000118e+00 4.783311672577483125e-04 6.855900000000000105e+00 1.842810976686083419e-04 3.356593890828557747e+00 2.884651715688028167e-03
4.842200000000000060e+00 7.243192037251997570e-04 4.612400000000000055e+00 1.417674248557177505e-03 4.755899999999999572e+00 6.350359413474642193e-04 1.430078007631780501e+00 1.000719474060854201e-02
4.063500000000000334e+00 8.747502417015790704e-03 2.876100000000000101e+00 2.862860909690177844e-03 3.516000000000000014e+00 1.077678961368960017e-03 5.444269797580680859e-02 2.436456586396067159e-02
1.136159999999999926e+01 1.005920229767915839e-03 9.764300000000000423e+00 6.690452422326567325e-04 1.060710000000000086e+01 3.242176301958910392e-04 7.263932758928905997e+00 1.775375986387497549e-03
4.319399999999999906e+00 1.480036532668111554e-03 4.234200000000000408e+00 4.704653782823467988e-03 4.295700000000000074e+00 1.006209223013048663e-03 9.157739901814387906e-01 1.426178875775156382e-02
1.020120000000000005e+01 7.648426272929639445e-04 8.952999999999999403e+00 5.460809560214058148e-04 9.650199999999999889e+00 2.328659884911774621e-04 6.312089282286629910e+00 1.504034838368554930e-03
8.002399999999999736e+00 2.524976744186046510e-03 7.232800000000000118e+00 2.343138312795390102e-03 7.702600000000000335e+00 7.217336391132382536e-04 4.369735605764807573e+00 2.370764182313593073e-03
1.553219999999999956e+01 5.048309852606128016e-03 1.269490000000000052e+01 4.957943285081509860e-03 1.397959999999999958e+01 7.933390327129777276e-04 1.059843791648389910e+01 3.003014541479637201e-03
1.211159999999999926e+01 1.371749842072014997e-03 1.023300000000000054e+01 8.995509453346367881e-04 1.118440000000000012e+01 4.793511757070577210e-04 7.919683326832613446e+00 2.252749825602870862e-03
7.018099999999999561e+00 6.340939221034065047e-04 6.418000000000000149e+00 4.156403964459212284e-04 6.797100000000000364e+00 1.923076241841352192e-04 3.453122621379232982e+00 2.332456944540120276e-03
9.148300000000000765e+00 1.142800004210215966e-03 8.164899999999999380e+00 7.023124939357675792e-04 8.740700000000000358e+00 3.060094812376340967e-04 5.453405543116524257e+00 1.667336461335687048e-03
1.403260000000000041e+01 1.970990814362996030e-03 1.242329999999999934e+01 3.739289158286264979e-03 1.335309999999999953e+01 8.347223076449965902e-04 1.019843677638883328e+01 2.928645752825232394e-03
1.675819999999999865e+01 6.114778103176390575e-03 1.370069999999999943e+01 1.556081061713532245e-03 1.497220000000000084e+01 6.429442766625214538e-04 1.164326204696588185e+01 3.229122357818995422e-03
1.613850000000000051e+01 3.627476529350840209e-03 1.301559999999999917e+01 9.730771299001594573e-04 1.430160000000000053e+01 6.407019904284761347e-04 1.074374047400499244e+01 3.688603509976234353e-03
1.352740000000000009e+01 6.759681235213546580e-03 1.113349999999999973e+01 3.587681327033010598e-03 1.225469999999999970e+01 1.594636274178624219e-03 9.076704446248427871e+00 2.544384054891015573e-03
1.444650000000000034e+01 2.505399667712755914e-03 1.174339999999999939e+01 1.116258507597721631e-03 1.294219999999999970e+01 5.601737676837510596e-04 9.350547815538591934e+00 2.712642625901108204e-03
9.499000000000000554e+00 1.353098789895439916e-03 8.413800000000000168e+00 1.725862343029724733e-03 9.039199999999999235e+00 4.478774353495394126e-04 5.515495682408397826e+00 5.985910033072047720e-02
1.806670000000000087e+01 1.511541138799944207e-02 1.468060000000000009e+01 2.476879206113835608e-03 1.601370000000000005e+01 1.190870003948580518e-03 1.256504183316223866e+01 6.634918505951717220e-03
1.555080000000000062e+01 3.450518019449563996e-03 1.260120000000000040e+01 1.287779767764585812e-03 1.385169999999999924e+01 6.505488447895694951e-04 1.061704751332726460e+01 6.846085620200224528e-03
1.676129999999999853e+01 5.650481394743688858e-03 1.361749999999999972e+01 1.302205644242416865e-03 1.490429999999999922e+01 7.378206652849036984e-04 1.134554612785992944e+01 8.492133419989184723e-03
2.138810000000000144e+01 2.734861460957178636e-01 1.761499999999999844e+01 1.895826785402479273e-02 1.914870000000000161e+01 3.757665951408596747e-03 1.573818133246478190e+01 4.021741466395782616e-02
9.165599999999999525e+00 1.518751136538488457e-03 8.249100000000000321e+00 1.180588478350694769e-03 8.791800000000000281e+00 4.733698400795242423e-04 5.134923841679354339e+00 2.424953082286124186e-03
1.158639999999999937e+01 1.273864276328139609e-03 9.844599999999999795e+00 7.937218091833526468e-04 1.074329999999999963e+01 3.714446018159300606e-04 7.593365937770618856e+00 1.559349726226895265e-03
1.488909999999999911e+01 1.443035619351408852e-02 1.221090000000000053e+01 1.745843383180575512e-02 1.353229999999999933e+01 1.143136903947188261e-03 9.896843063451235878e+00 6.493278333519441128e-03
1.710050000000000026e+01 7.935535740388832346e-03 1.393810000000000038e+01 3.079327263960974365e-03 1.523119999999999941e+01 1.386605706112232009e-03 1.173461210515030118e+01 4.595381420380676395e-03
1.672250000000000014e+01 4.930923293519233475e-03 1.373279999999999923e+01 8.722835037880308879e-04 1.498900000000000077e+01 5.774905590128184048e-04 1.129245682968738507e+01 4.398651351883954216e-03
9.072400000000000020e+00 9.916429961000646724e-04 8.180799999999999628e+00 6.946246465266848590e-04 8.711000000000000298e+00 3.168748540742470101e-04 5.035089115047682640e+00 2.373284348983159021e-03
2.167599999999999838e+01 1.169978448275862115e-01 1.732590000000000074e+01 1.622929745889386752e-02 1.889890000000000114e+01 3.775305121874891322e-03 1.558579691847909743e+01 3.407104025111639539e-02
1.605640000000000001e+01 4.972247664407399709e-03 1.312289999999999957e+01 1.748458057555115231e-03 1.437160000000000082e+01 5.914389680568265520e-04 1.094198995889606607e+01 2.915871734898151449e-03
1.406010000000000026e+01 5.032165368928438916e-03 1.162260000000000026e+01 1.409374716045536362e-03 1.275760000000000005e+01 6.809580853345708522e-04 9.505250318981318003e+00 2.375733353648618301e-03
6.863299999999999734e+00 6.832291882979994128e-04 6.268799999999999706e+00 7.517621480896790860e-04 6.644499999999999851e+00 2.692780825587047381e-04 3.393509309357960468e+00 2.557642952404122743e-03
1.681609999999999872e+01 6.545728582624946341e-03 1.368239999999999945e+01 1.141934601752227088e-03 1.496940000000000026e+01 8.593998591069916581e-04 1.179562281008785440e+01 3.429337314621172614e-03
1.190830000000000055e+01 2.533993045020654748e-03 1.003659999999999997e+01 1.429376374096551910e-03 1.098729999999999940e+01 6.456857742651037546e-04 7.607991763275082420e+00 4.023604933562734132e-02
7.924199999999999910e+00 1.705636546437099520e-03 7.036900000000000155e+00 1.127959525021556822e-03 7.571799999999999642e+00 4.758949273933034624e-04 4.130887058479277840e+00 1.895750679766783700e-02
1.597889999999999944e+01 2.837868214015003103e-03 1.287139999999999951e+01 7.232769761647812965e-04 1.418520000000000003e+01 1.050160560219754553e-03 1.075200475622064111e+01 1.814115150251232461e-02
7.876199999999999868e+00 5.353061244613609637e-04 7.148299999999999876e+00 4.415246414294834716e-04 7.595799999999999663e+00 1.939295863452308790e-04 4.167664500046638132e+00 2.083231893321928208e-03
7.410599999999999632e+00 6.157222575083930519e-04 6.763099999999999667e+00 7.021126623943505949e-04 7.168099999999999916e+00 2.344514551995474031e-04 3.664437658043010693e+00 3.002722452188525976e-03
1.730610000000000070e+01 6.583434392432694834e-03 1.397150000000000070e+01 1.548181947811207810e-03 1.529139999999999944e+01 7.275907360746260199e-04 1.182888018956606402e+01 5.747690435065852879e-03
1.689829999999999899e+01 8.967869827372593888e-03 1.380780000000000030e+01 1.167550245717419556e-03 1.508590000000000053e+01 7.572623224087545075e-04 1.138888021150954444e+01 4.345795023432002385e-03
1.264029999999999987e+01 1.313040428593887938e-03 1.065840000000000032e+01 8.940252297355158820e-04 1.164799999999999969e+01 4.205670105089459273e-04 8.234659677229483776e+00 2.049341818346311819e-03
1.720629999999999882e+01 7.696462748989863455e-03 1.397739999999999938e+01 2.851058242739351687e-03 1.528529999999999944e+01 1.084384519350811357e-03 1.164357886176137846e+01 4.337331213475127158e-03
1.080930000000000035e+01 8.444541233384924303e-04 9.424400000000000333e+00 5.575216694737706409e-04 1.018050000000000033e+01 3.011769796864901400e-04 6.720439085795076650e+00 2.376231141248232211e-03
1.653620000000000090e+01 4.783206308647957802e-03 1.348930000000000007e+01 1.951436068873791188e-03 1.476060000000000016e+01 6.449646847767328628e-04 1.124808942962849301e+01 3.016428829127084949e-03
7.250000000000000000e+00 1.090560276421784084e-03 6.509599999999999831e+00 6.954121271512659318e-04 6.964299999999999713e+00 3.117980351445498260e-04 3.855108047774564284e+00 4.167885522635362411e-02
1.995129999999999981e+01 5.128672649976381143e-02 1.581129999999999924e+01 2.852106756330776306e-03 1.727530000000000143e+01 1.420716547591007730e-03 1.405179117605584516e+01 1.268873864506938481e-02
1.633940000000000126e+01 5.220907866897479474e-03 1.330230000000000068e+01 1.739103970783745364e-03 1.457039999999999935e+01 7.593012196486515755e-04 1.126815405412835602e+01 1.576556883838597586e-02
9.800399999999999778e+00 1.032700502206665687e-03 8.611700000000000799e+00 9.295480424304170203e-04 9.301800000000000068e+00 9.927582612512114713e-04 5.980493235025251764e+00 1.305320981065250484e-02
1.765530000000000044e+01 8.031809439266162504e-03 1.434040000000000070e+01 1.432110164349592422e-03 1.566119999999999912e+01 5.788637478407369181e-04 1.236738311619346042e+01 4.434335509288653970e-03
1.157039999999999935e+01 1.068399870108144648e-03 1.002989999999999959e+01 8.140078871212007728e-04 1.085120000000000040e+01 3.924640426247167193e-04 7.223605698444579559e+00 1.684519857868276710e-02
1.857199999999999918e+01 2.315998293515358214e-02 1.500329999999999941e+01 1.891368347704903757e-03 1.636860000000000070e+01 8.412415545775738098e-04 1.301924781243762119e+01 5.865515532824089502e-03
8.707599999999999341e+00 1.241498387723831941e-03 7.822499999999999787e+00 8.256326803747414357e-04 8.351699999999999235e+00 3.428984701676372543e-04 4.972082898697431474e+00 4.467323349849092011e-03
9.171699999999999520e+00 1.801280775101201043e-03 8.174200000000000799e+00 1.187756396932535333e-03 8.756999999999999673e+00 5.040388472108742104e-04 5.461202749061657258e+00 1.911233484940137338e-03
1.050159999999999982e+01 1.189161363810608586e-03 9.230399999999999494e+00 8.235909883941438950e-04 9.937400000000000233e+00 3.391337212752732117e-04 6.411604182194453827e+00 1.808510868055718170e-03
1.779619999999999891e+01 1.625846061695118000e-02 1.444229999999999947e+01 1.563993604240791584e-03 1.577609999999999957e+01 6.933161346351555910e-04 1.226981971741203559e+01 6.009358633911084449e-03
8.989000000000000767e+00 1.163546344024948180e-03 8.103600000000000136e+00 9.421963813077624539e-04 8.630100000000000549e+00 4.439201897129773072e-04 4.985123628928482375e+00 2.333458011707409407e-03
1.753900000000000148e+01 1.328284805480792717e-02 1.419560000000000066e+01 1.894073931929591680e-03 1.551789999999999914e+01 1.054997376450239914e-03 1.235234844826690015e+01 3.947289185595950593e-03
1.768189999999999884e+01 1.675783299891958275e-02 1.413850000000000051e+01 2.634012615235322569e-03 1.549970000000000070e+01 8.541197942069572247e-04 1.232648463995114874e+01 4.242925044342874680e-03
1.205770000000000053e+01 1.552476549988560887e-03 1.031859999999999999e+01 1.121840838172387216e-03 1.121560000000000024e+01 6.890087574565299669e-04 7.580953768112328461e+00 2.950924128948974063e-03
1.591339999999999932e+01 3.436756140795137714e-03 1.299820000000000064e+01 1.063137692654172323e-03 1.424109999999999943e+01 6.650455107866077393e-04 1.088778425043711806e+01 2.703450901973877569e-03
1.416939999999999955e+01 1.231346753614970041e-03 1.168290000000000006e+01 7.119373135307038381e-04 1.283009999999999984e+01 3.882718124405472207e-04 9.545566725480686188e+00 2.097929142300225102e-03
1.527890000000000015e+01 3.450408364318174013e-03 1.255620000000000047e+01 1.493473087662828755e-03 1.375730000000000075e+01 7.241984218565529529e-04 1.018474898423146691e+01 2.356731070676099018e-03
2.131240000000000023e+01 2.412755555555555487e-01 1.879960000000000164e+01 3.165422740524781453e-02 2.035719999999999885e+01 5.695535854797251045e-03 1.660844589376498703e+01 1.210923413839228441e-01
1.534549999999999947e+01 4.076365684250046577e-03 1.235849999999999937e+01 2.030749088188534696e-03 1.363509999999999955e+01 1.394405630329805749e-03 1.019852503194379700e+01 1.181616775018451762e-02
1.842569999999999908e+01 1.815315164688179050e-02 1.482540000000000013e+01 1.899441927188117493e-03 1.620019999999999882e+01 1.033368865877336415e-03 1.294308714371307900e+01 5.585918799059528227e-03
1.533150000000000013e+01 3.776486956521738891e-03 1.241179999999999950e+01 1.411206571610538335e-03 1.365509999999999913e+01 6.857969403352745085e-04 1.070087545201290169e+01 1.858737725989732152e-03
1.651219999999999999e+01 3.916528389005121367e-03 1.343880000000000052e+01 1.290749788984390731e-03 1.471320000000000050e+01 6.464623610457811542e-04 1.127747045629145006e+01 3.247399454742107457e-03
1.369870000000000054e+01 1.564354153158994390e-03 1.146669999999999945e+01 7.155454209943586715e-04 1.254209999999999958e+01 3.440469739748208580e-04 8.883234188323145375e+00 2.090496722499070401e-03
1.468290000000000006e+01 2.608321722000672607e-03 1.195620000000000083e+01 1.462098870170618937e-03 1.316629999999999967e+01 6.075395470899944399e-04 9.484125304804285506e+00 2.863129813980500472e-03
1.609159999999999968e+01 4.322729625353346344e-03 1.295979999999999954e+01 1.464011218683422587e-03 1.425539999999999985e+01 8.931500538815263009e-04 1.112556547772843807e+01 6.954432461326584547e-03
2.019630000000000081e+01 1.004384828862164569e-01 1.619460000000000122e+01 4.867697825599640558e-03 1.765960000000000107e+01 1.296158345868251953e-03 1.419900477994126753e+01 1.452871571512854079e-02
1.689130000000000109e+01 6.092133318370552587e-03 1.378720000000000034e+01 8.595971751591348397e-04 1.506509999999999927e+01 5.852730311034445593e-04 1.158205237056694337e+01 3.506866969516407237e-03
1.736619999999999919e+01 1.088788608102687384e-02 1.413739999999999952e+01 1.652371096365739091e-03 1.545219999999999949e+01 8.078001889782526540e-04 1.203236641062830437e+01 4.803010043113618496e-03
1.746010000000000062e+01 1.110050097127083038e-02 1.424349999999999916e+01 1.411353325793913939e-03 1.554700000000000060e+01 5.491717457828583114e-04 1.208522884408460563e+01 4.689166945075752720e-03
1.915009999999999835e+01 3.324372320881812531e-02 1.541039999999999921e+01 1.700853763609305128e-03 1.680170000000000030e+01 1.039244213871393834e-03 1.331919222896156896e+01 8.840462470930057423e-03
1.522020000000000017e+01 1.744833349403786173e-03 1.251290000000000013e+01 7.892502507887121923e-04 1.371069999999999922e+01 4.581065458258440576e-04 1.028351189088919426e+01 2.179844847857643694e-03
1.352420000000000044e+01 9.915343238874529605e-04 1.120190000000000019e+01 6.066705035006452742e-04 1.230059999999999931e+01 3.525244326114484019e-04 9.183758483042666398e+00 1.627802062066377019e-03
1.565479999999999983e+01 6.936749297214412670e-03 1.270330000000000048e+01 2.720334736420124133e-03 1.395650000000000013e+01 1.210372005395583209e-03 1.087270356132612115e+01 2.297160352615521331e-03
1.944099999999999895e+01 1.568988439306358285e-01 1.656119999999999948e+01 4.098678746696866881e-02 1.854060000000000130e+01 5.973810178817056185e-03 1.507840107310868127e+01 2.893079690791132072e-02
1.093849999999999945e+01 1.504044993627749694e-03 9.488099999999999312e+00 8.283286032530744756e-04 1.027159999999999940e+01 4.439419711491282344e-04 6.869316290386560553e+00 2.299935621327166713e-03
1.424830000000000041e+01 3.169303520345612569e-03 1.174709999999999965e+01 1.700294412427962856e-03 1.289729999999999954e+01 7.253159821500145595e-04 9.409495820349286888e+00 2.443400266606207683e-03
1.381230000000000047e+01 1.801878651088688202e-03 1.143759999999999977e+01 8.277854866500968922e-04 1.255250000000000021e+01 4.928483560978488484e-04 9.290906063174505292e+00 2.210726500766999145e-03
1.534520000000000017e+01 6.669164619164618009e-03 1.251970000000000027e+01 3.069923940396414395e-03 1.374479999999999968e+01 1.244372621831018200e-03 1.057924844826690070e+01 2.277065116595031365e-03
1.071349999999999980e+01 1.283319937591603311e-03 9.398899999999999366e+00 8.650763297957102683e-04 1.012439999999999962e+01 4.012654344941772784e-04 6.521479830585631632e+00 2.125365104916534381e-03
1.550360000000000049e+01 2.641060569204572561e-03 1.254780000000000051e+01 1.018861904583161226e-03 1.383719999999999928e+01 1.488701804420556035e-03 1.039861582895739112e+01 2.124114828436775987e-02
2.053310000000000102e+01 8.416589147286820949e-02 1.625179999999999936e+01 5.625304388373658995e-03 1.774180000000000135e+01 1.380733769949767879e-03 1.444887369250914944e+01 1.412399969912643723e-02
1.848860000000000170e+01 1.314614360092020671e-02 1.479930000000000057e+01 1.844583000628599503e-03 1.618750000000000000e+01 8.602441903765855073e-04 1.313137965224357551e+01 5.723898764627915504e-03
1.352420000000000044e+01 3.482056380488117442e-03 1.097889999999999944e+01 1.985407599751307442e-03 1.214559999999999995e+01 7.876585125214009700e-04 8.701825604391039803e+00 2.430334349254499593e-03
1.525929999999999964e+01 2.187228041901692014e-03 1.257460000000000022e+01 9.482693869708376001e-04 1.376689999999999969e+01 4.660368368866778179e-04 1.020881692199887425e+01 2.245407135527473837e-03
1.462390000000000079e+01 3.666058887088059944e-03 1.194050000000000011e+01 1.596347810744846605e-03 1.313449999999999918e+01 7.043399286409341223e-04 9.851739919036155868e+00 1.966910635691995670e-03
2.016150000000000020e+01 5.026574074074073584e-02 1.575500000000000078e+01 2.811996581285125703e-03 1.722650000000000148e+01 1.240633034336970650e-03 1.349815256432673749e+01 1.545607061710565881e-02
9.258200000000000429e+00 1.187873350692544979e-03 8.242800000000000793e+00 8.874485058523506669e-04 8.834199999999999164e+00 3.835276746510863960e-04 5.608582112581169454e+00 1.936002042624474298e-02
1.559379999999999988e+01 2.658065463803950795e-03 1.280640000000000001e+01 7.413977943937996324e-04 1.402190000000000047e+01 4.530466966822864310e-04 1.039638222749679741e+01 2.509961271414627108e-03
2.113860000000000028e+01 1.875198618307426512e-01 1.716159999999999997e+01 9.330869714678583990e-03 1.876579999999999870e+01 2.030065628330497175e-03 1.532308584190515077e+01 2.547492578322912635e-02
1.003669999999999973e+01 1.349264934322534030e-03 8.789300000000000779e+00 8.447826459077363440e-04 9.487000000000000099e+00 4.100892516534028519e-04 6.358908490254410850e+00 1.630579759878761099e-03
1.843759999999999977e+01 1.992183486238531878e-02 1.495689999999999920e+01 2.659953941888382450e-03 1.631090000000000018e+01 7.587440687086381697e-04 1.274979671519869662e+01 7.842181716075645112e-03
1.090150000000000041e+01 1.849327201498892660e-03 9.567500000000000782e+00 1.356852747472475163e-03 1.030259999999999998e+01 5.651540231320985623e-04 6.607366990520517902e+00 1.976901796843206095e-03
1.521889999999999965e+01 2.279577568288227319e-03 1.254540000000000077e+01 1.273998803139997360e-03 1.373329999999999984e+01 6.902922682739196913e-04 1.016389751295181298e+01 2.089348552895062185e-03
