# BPmag  e_BPmag  RPmag  e_RPmag  Gmag  e_Gmag  GABS  e_GABS
8.189399999999999125e+00 1.459916633050961166e-03 7.086000000000000298e+00 1.208970347523021394e-03 7.719899999999999984e+00 3.935837018777640548e-04 5.840175446412130711e+00 1.486657319031317592e-03
9.833399999999999253e+00 1.406162174763316963e-03 8.463800000000000878e+00 1.028698659339618042e-03 9.212699999999999889e+00 4.104256445150071347e-04 6.711341555750862220e+00 1.232908491825226169e-03
1.363339999999999996e+01 3.291816996634629785e-03 1.113790000000000013e+01 1.817503096856272178e-03 1.237149999999999928e+01 5.750071495906197228e-04 9.454702536691403481e+00 3.057183877536804283e-03
1.649589999999999890e+01 9.764727043798902828e-03 1.326350000000000051e+01 2.815569731860380429e-03 1.457329999999999970e+01 8.808106047085164335e-04 1.195143805720540442e+01 3.076195830533325157e-03
1.379940000000000033e+01 2.106269884379607330e-03 1.144120000000000026e+01 1.159953847140018316e-03 1.254879999999999995e+01 5.571840584618857877e-04 9.176173063976651889e+00 2.615555294889462118e-03
1.883909999999999840e+01 2.118930523028883517e-02 1.508099999999999952e+01 2.396512526211234690e-03 1.647040000000000148e+01 1.317565681694071993e-03 1.336166253037517393e+01 9.198098089588482504e-03
1.566060000000000052e+01 3.861919328448459952e-03 1.272470000000000034e+01 1.076183490603441423e-03 1.397220000000000084e+01 5.770271203915795484e-04 1.116293318123374512e+01 2.546120614621960338e-03
1.401329999999999920e+01 1.808963678773741878e-03 1.144410000000000061e+01 9.734522795535033692e-04 1.261340000000000039e+01 5.530544985915636326e-04 9.915784345257254273e+00 2.140950105591240150e-03
1.897879999999999967e+01 2.122658846529814139e-02 1.500740000000000052e+01 2.185335024052492692e-03 1.645100000000000051e+01 8.587676975401407464e-04 1.334398869726651427e+01 1.682448340264698639e-02
1.490680000000000049e+01 2.735205945333165148e-03 1.196359999999999957e+01 1.578752980864305032e-03 1.322020000000000017e+01 7.536197681682514160e-04 1.062633788999660212e+01 1.603512073526887783e-03
1.670090000000000074e+01 5.626470435819038579e-03 1.350469999999999970e+01 1.788639583539257350e-03 1.480690000000000062e+01 7.366392791961516367e-04 1.172481002303242192e+01 3.284280552588306375e-03
2.109880000000000067e+01 1.301846522781774651e-01 1.673890000000000100e+01 6.875688683427268362e-03 1.830949999999999989e+01 2.025180929642617349e-03 1.546543396658999825e+01 1.914450952333666967e-02
1.449920000000000009e+01 1.625067353170089098e-03 1.175810000000000066e+01 8.266887981969909356e-04 1.296209999999999951e+01 5.825379196377312519e-04 9.530381733090155905e+00 2.606521334187996385e-03
1.577749999999999986e+01 3.775830290384280408e-03 1.264910000000000068e+01 1.240307066645342411e-03 1.393479999999999919e+01 7.815183513643855382e-04 1.169661990893342107e+01 1.857263420091943059e-03
1.670390000000000086e+01 8.829307961291370938e-03 1.355039999999999978e+01 2.136694611721179100e-03 1.484190000000000076e+01 8.946661502838731440e-04 1.169603773892188059e+01 3.189220055505908452e-03
1.851429999999999865e+01 2.584479885741490165e-02 1.486890000000000001e+01 2.420663054868124782e-03 1.624909999999999854e+01 1.333750998095939964e-03 1.312430720836463038e+01 7.461571899815813182e-03
1.344950000000000045e+01 2.014397298651180845e-03 1.113790000000000013e+01 1.099216392977908976e-03 1.223189999999999955e+01 6.775077220679541923e-04 9.155995919759797985e+00 2.100568010891866975e-03
1.767490000000000094e+01 1.234918107370336533e-02 1.417290000000000028e+01 2.117938514357053676e-03 1.552469999999999928e+01 8.721573793668515500e-04 1.281932383117047181e+01 3.947023554201289919e-03
1.423109999999999964e+01 2.903125752025454819e-03 1.145010000000000083e+01 1.109471597469880756e-03 1.266929999999999978e+01 6.774104992575399669e-04 9.923623461898831266e+00 7.009357689489386506e-03
1.722680000000000078e+01 5.102881045260139470e-03 1.418120000000000047e+01 2.412862793901951117e-03 1.545180000000000042e+01 7.019946335628616261e-04 1.160532156806284654e+01 4.900292383935615607e-03
1.503880000000000017e+01 2.036882785532042467e-03 1.253800000000000026e+01 9.057041325347436108e-04 1.368340000000000067e+01 4.608580124028506899e-04 9.726681502536239421e+00 2.416216307570142642e-03
1.148000000000000043e+01 1.148311493268183194e-03 1.000270000000000081e+01 6.980814237584547855e-04 1.079729999999999990e+01 3.464954411853875347e-04 6.946732646229460073e+00 2.717020342574880901e-03
1.663840000000000074e+01 4.455231842429216264e-03 1.344960000000000022e+01 1.253640006004133481e-03 1.474639999999999951e+01 6.809025687336945189e-04 1.188188216274658160e+01 3.029814568664683083e-03
2.016489999999999938e+01 7.799856321839079842e-02 1.571180000000000021e+01 2.297716547097538708e-03 1.723509999999999920e+01 1.253625531128763982e-03 1.440162849354061336e+01 9.525051336361431420e-03
1.315939999999999976e+01 1.466205723082740107e-03 1.118389999999999951e+01 8.207458026865830031e-04 1.217019999999999946e+01 4.056399699620041183e-04 8.264189990558687526e+00 2.799321248008189086e-03
1.582249999999999979e+01 1.051156936779939870e-02 1.302360000000000007e+01 4.619187406934694567e-03 1.424269999999999925e+01 2.203474448999472122e-03 1.033222437101332147e+01 4.255494491199281193e-03
1.810079999999999956e+01 1.354466067864271497e-02 1.427820000000000000e+01 8.586726139634936463e-04 1.567670000000000030e+01 7.762327254008993599e-04 1.338009886415321859e+01 4.729967725992863768e-03
1.655890000000000128e+01 6.368723603941811237e-03 1.336069999999999958e+01 1.278740268764648122e-03 1.465729999999999933e+01 7.441519365605916373e-04 1.206401142426241258e+01 2.413567350653477318e-03
1.464840000000000053e+01 5.689268497170403734e-03 1.196189999999999998e+01 1.611057528229934777e-03 1.377919999999999945e+01 1.318990232761553007e-03 9.763671734556401915e+00 2.144483922656528069e-02
1.336369999999999969e+01 8.694684241715648198e-04 1.136780000000000079e+01 6.107005051016390533e-04 1.236239999999999917e+01 3.306453086457350173e-04 8.286282891254247218e+00 2.454512350725703094e-03
1.325639999999999930e+01 1.254422145968366129e-03 1.098249999999999993e+01 6.332470138111235538e-04 1.206879999999999953e+01 3.005192533380571436e-04 9.036939209174089882e+00 1.985299192717138086e-03
1.358580000000000076e+01 3.606750157791582465e-03 1.087410000000000032e+01 1.901637621508012665e-03 1.207920000000000016e+01 9.833799780814970245e-04 9.135193369777770300e+00 2.793821658097093465e-03
1.292489999999999917e+01 3.284845551084621725e-03 1.058079999999999998e+01 1.326629359008821762e-03 1.168619999999999948e+01 5.953468479089328060e-04 8.746737961395252725e+00 3.205081826808087522e-03
1.972129999999999939e+01 5.330093274423170630e-02 1.561280000000000001e+01 3.861369940963083839e-03 1.705709999999999837e+01 2.065518881384952130e-03 1.404680004336018762e+01 8.614079539640591074e-03
1.527970000000000006e+01 5.596309468584093234e-03 1.236129999999999995e+01 1.460564725506813396e-03 1.360350000000000037e+01 7.727521832274043085e-04 1.083711759784100792e+01 1.883043920767560981e-03
1.394260000000000055e+01 3.065157246908700294e-03 1.136190000000000033e+01 1.603728157634303625e-03 1.253129999999999988e+01 8.167757466335665495e-04 1.000652271019339423e+01 2.628457180197710328e-03
1.523429999999999929e+01 8.610833531604408092e-03 1.244860000000000078e+01 3.057647357008082527e-03 1.366450000000000031e+01 1.133363953318440760e-03 1.035538749648268109e+01 2.354022606415925607e-03
1.481359999999999921e+01 4.170309199154982951e-03 1.212240000000000073e+01 2.099996131677691127e-03 1.331479999999999997e+01 9.634493713007904721e-04 1.005086443202431390e+01 2.386859333213939803e-03
9.582100000000000506e+00 1.629163915731348484e-03 8.461499999999999133e+00 1.168693892488859238e-03 9.120799999999999130e+00 6.428300769686204385e-04 5.838236851191510368e+00 3.303519202690599534e-03
1.647749999999999915e+01 5.384012694634532706e-03 1.328599999999999959e+01 1.318317589062385949e-03 1.458329999999999949e+01 7.476930281243974628e-04 1.184614190994049387e+01 2.588853678446594378e-03
1.411250000000000071e+01 2.887299223486862552e-03 1.158820000000000050e+01 1.190452173150300351e-03 1.274169999999999980e+01 6.697881580733118642e-04 9.665437797814643517e+00 2.550035222390412918e-03
2.054759999999999920e+01 1.103394308943089347e-01 1.587149999999999928e+01 3.409237918799258322e-03 1.739059999999999917e+01 1.158839602100499499e-03 1.502152072256893511e+01 7.965609777894988239e-03
1.429620000000000068e+01 3.119135855669510817e-03 1.186669999999999980e+01 1.053727750926842371e-03 1.299729999999999919e+01 5.284614972767493271e-04 9.525453879984826955e+00 3.427166633953840098e-03
1.042670000000000030e+01 7.440448452619171206e-04 9.032700000000000173e+00 5.358397820593808819e-04 9.791199999999999903e+00 3.141354288425706126e-04 6.743755991757090840e+00 1.517280190018584175e-03
1.446170000000000044e+01 3.735301200674303896e-03 1.159120000000000061e+01 1.632495338906597530e-03 1.283740000000000059e+01 8.994764224409318096e-04 9.738908551525923940e+00 6.143253186490432900e-03
1.134210000000000029e+01 7.509406296685663821e-04 9.719200000000000728e+00 4.956019627981284687e-04 1.057169999999999987e+01 2.780348523066285683e-04 7.333963308765078182e+00 1.600328310949168794e-03
1.451120000000000054e+01 5.904611703284750462e-03 1.175600000000000023e+01 2.677732014698991098e-03 1.296899999999999942e+01 1.307144061062820483e-03 1.002650929069611863e+01 2.528560838088459318e-03
9.063800000000000523e+00 1.728610093934086853e-03 8.054700000000000415e+00 1.124210482718631613e-03 8.641000000000000014e+00 5.002603266754209648e-04 5.526164546551820322e+00 2.229684304547317492e-03
2.014260000000000161e+01 8.848736756316218088e-02 1.558360000000000056e+01 5.661678051832924087e-03 1.739910000000000068e+01 7.231998934256977235e-03 1.483281047766993765e+01 4.585047482933348600e-02
1.892810000000000059e+01 2.237255305996290605e-02 1.483210000000000051e+01 5.804233935635624321e-03 1.628040000000000020e+01 1.817107663470067394e-03 1.338726779051003035e+01 2.032793481938285560e-02
2.060699999999999932e+01 2.727989949748743648e-01 1.716189999999999927e+01 1.627796101949025367e-02 1.874439999999999884e+01 2.985262579048666466e-03 1.563448067770218763e+01 2.619215561698366376e-02
1.556060000000000088e+01 2.710081621446222208e-03 1.257859999999999978e+01 1.103607403868633137e-03 1.383479999999999954e+01 8.199276538865267645e-04 1.096906353517684707e+01 2.062624148974657144e-03
1.097310000000000052e+01 9.000580286827489056e-04 9.605100000000000193e+00 6.164109027529393126e-04 1.035289999999999999e+01 3.846472690943745013e-04 6.676871097035776970e+00 2.149633867434144231e-03
2.072240000000000038e+01 1.277341176470588036e-01 1.659919999999999973e+01 9.338895578874933934e-03 1.811589999999999989e+01 3.687850276824835519e-03 1.489784605772137560e+01 1.865632230955649104e-02
1.923250000000000171e+01 4.473588792748248860e-02 1.517190000000000083e+01 2.764174240688408325e-03 1.660810000000000031e+01 1.037109916037023830e-03 1.387109508942768521e+01 5.585359210616406937e-03
1.758170000000000144e+01 1.466225523295070811e-02 1.385820000000000007e+01 2.210427736721024515e-03 1.524000000000000021e+01 1.204504104725981697e-03 1.327571967764307637e+01 3.160572899235558793e-03
1.273290000000000077e+01 2.408366975733108352e-03 1.061630000000000074e+01 1.654032479205386685e-03 1.164959999999999951e+01 6.446353613138035938e-04 8.568587097783318285e+00 2.219672065582244721e-03
1.651310000000000144e+01 6.649966313468486621e-03 1.332240000000000002e+01 1.295184244115998038e-03 1.461749999999999972e+01 7.787995294522710287e-04 1.203793099678969369e+01 3.216336347947884242e-03
7.498999999999999666e+00 2.388288862981456390e-03 6.667300000000000004e+00 2.466749971600590632e-03 7.171299999999999564e+00 6.402901456625581435e-04 4.681727796130228825e+00 1.845010004599801452e-03
1.644389999999999930e+01 7.431993976315968628e-03 1.330729999999999968e+01 1.354939350072380472e-03 1.459479999999999933e+01 8.770750700777922571e-04 1.164302875885102395e+01 3.376943036142640835e-03
2.098860000000000170e+01 2.104147286821705098e-01 1.722909999999999897e+01 2.161536930121441338e-02 1.881500000000000128e+01 3.652247039827771682e-03 1.698733596802869528e+01 1.677252769284686210e-02
1.499280000000000079e+01 1.034530728918532476e-02 1.222760000000000069e+01 3.813762337981663978e-03 1.345730000000000004e+01 6.000519506358426057e-04 1.088931069487510683e+01 1.934723166552133368e-03
5.900100000000000122e+00 1.422019069572506237e-03 5.338000000000000078e+00 2.107987418941482602e-03 5.690500000000000114e+00 7.269038931476583601e-04 3.120171318858758092e+00 4.942133965915650011e-03
2.084809999999999874e+01 1.762564935064935001e-01 1.718080000000000140e+01 9.169326914956506605e-03 1.872289999999999921e+01 3.259990992343491604e-03 1.604921925178295794e+01 2.148518559755614038e-02
1.692849999999999966e+01 4.570959457752704971e-03 1.361280000000000001e+01 1.228018187164928512e-03 1.492999999999999972e+01 8.858483253783705751e-04 1.239450005554351719e+01 2.980428803721021404e-03
1.584340000000000082e+01 4.314827325835552362e-03 1.274280000000000079e+01 1.215412342859701483e-03 1.404449999999999932e+01 1.725588048315320833e-03 1.088983677638883307e+01 1.204359470848382664e-02
1.746620000000000061e+01 7.065399882865881949e-03 1.383130000000000059e+01 1.656278126096440975e-03 1.526270000000000060e+01 4.461639613725087126e-03 1.267177565318710108e+01 2.680027838033224516e-02
1.124460000000000015e+01 8.843619421524626665e-04 9.417099999999999582e+00 6.951316328621183786e-04 1.034839999999999982e+01 4.166660270629139197e-04 7.837883714566102000e+00 1.154893398821080913e-03
1.377919999999999945e+01 1.163708467309753497e-02 1.122809999999999953e+01 7.876813697040045345e-03 1.241789999999999949e+01 8.756179584989958603e-04 9.539449101228779426e+00 2.307671384603376778e-03
1.143440000000000012e+01 1.416730821926745357e-03 9.658099999999999241e+00 1.112837595449187771e-03 1.057000000000000028e+01 5.365335389055257351e-04 7.682210477559687334e+00 1.565141761426507927e-03
1.545420000000000016e+01 8.512937117766974926e-03 1.258960000000000079e+01 3.332842189274641456e-03 1.382339999999999947e+01 1.450728878555871803e-03 1.041089610553565770e+01 3.163193216887651843e-03
1.611039999999999850e+01 5.578768882951392130e-03 1.319919999999999938e+01 2.328764772751645753e-03 1.444539999999999935e+01 1.064962580062971424e-03 1.091210226324347943e+01 4.122812436312968398e-03
1.787559999999999860e+01 1.626576779026217209e-02 1.458029999999999937e+01 1.217088153528831426e-03 1.590169999999999995e+01 1.094871226025048803e-03 1.230197266986623639e+01 8.517493133338667477e-03
8.336299999999999599e+00 1.623779256711283848e-03 7.451800000000000423e+00 1.100029381667865479e-03 7.978399999999999714e+00 5.277627901324583558e-04 4.997433052737113357e+00 2.163145356227208320e-03
1.432629999999999981e+01 3.598621192535878931e-03 1.165869999999999962e+01 1.649208615608955620e-03 1.284709999999999930e+01 8.391414902579084423e-04 9.876562569025292504e+00 2.606838711613139719e-03
2.128989999999999938e+01 1.608503703703703658e-01 1.749180000000000135e+01 1.643069007263922576e-02 1.904420000000000002e+01 3.340738461538461310e-03 1.584517832303079388e+01 2.962638804309122159e-02
9.110200000000000742e+00 1.790173124484748402e-03 8.084799999999999542e+00 1.234974293643932748e-03 8.682100000000000151e+00 8.114951978773495651e-04 5.599830458622371054e+00 2.348033189567009897e-03
1.684619999999999962e+01 9.545806224723053096e-03 1.357779999999999987e+01 2.498596216688912103e-03 1.525360000000000049e+01 1.903537992215715690e-03 1.179610192542516600e+01 1.840048051314988400e-02
1.340419999999999945e+01 3.215483030267132000e-03 1.087170000000000059e+01 1.579464948138665495e-03 1.203049999999999997e+01 8.346645551617837755e-04 9.350412625048535986e+00 1.169739617471911297e-02
1.382520000000000060e+01 3.166161203779306599e-03 1.135909999999999975e+01 1.622541694064199907e-03 1.250489999999999924e+01 7.356560153942053384e-04 9.585271954611970457e+00 4.262618392037220531e-03
1.601180000000000092e+01 4.592420269012773698e-03 1.308309999999999995e+01 2.885994524334812780e-03 1.433210000000000051e+01 9.905121608553650852e-04 1.112405879324509961e+01 2.727405426204589870e-03
1.576030000000000086e+01 7.797055655296229390e-03 1.243919999999999959e+01 5.556215137403407861e-03 1.413059999999999938e+01 9.065208315938882641e-03 1.171934981427129685e+01 4.216179669174573152e-02
1.696659999999999968e+01 4.776262537392222604e-03 1.373060000000000080e+01 9.195497700575066668e-04 1.504649999999999999e+01 6.623435250481929902e-04 1.118426251689932371e+01 6.547874115487292875e-03
1.773529999999999873e+01 1.121748114474635689e-02 1.455289999999999928e+01 1.744188661665247581e-03 1.584590000000000032e+01 7.346057821771459061e-04 1.191242603081396823e+01 7.724589224218582524e-03
1.780260000000000176e+01 9.283796494228301055e-03 1.462250000000000050e+01 1.246902095894343934e-03 1.591249999999999964e+01 6.146695501534210626e-04 1.199754954902102710e+01 7.624049674150545214e-03
1.153979999999999961e+01 6.554936397061043255e-04 1.005269999999999975e+01 4.024389339856925224e-04 1.085369999999999990e+01 2.453788349624272500e-04 7.003644182724055867e+00 2.430422582095752466e-03
9.576499999999999346e+00 1.123012794654585679e-03 8.618900000000000006e+00 7.015909120281220608e-04 9.181699999999999307e+00 3.593559170569447098e-04 5.279884554044814493e+00 2.003345291105146191e-03
1.753419999999999845e+01 7.890552325581395507e-03 1.438850000000000051e+01 1.358533533533533419e-03 1.567830000000000013e+01 7.201777659856725819e-04 1.189485474014911226e+01 6.664675858378626104e-03
1.705600000000000094e+01 8.953079904345673939e-03 1.396059999999999945e+01 1.696946016067018550e-03 1.523830000000000062e+01 7.807596611583323028e-04 1.157204482954101188e+01 4.561355910253938641e-03
9.625600000000000378e+00 3.754028075513449192e-03 8.195999999999999730e+00 2.156128366033838867e-03 9.071899999999999409e+00 3.411701860231271689e-03 6.255574828953531785e+00 3.130486499081171214e-02
1.673750000000000071e+01 6.189021262041839028e-03 1.366779999999999973e+01 2.672722349407970644e-03 1.494079999999999941e+01 1.305415283989804203e-03 1.124079897540943662e+01 4.746280799192695819e-03
9.371499999999999275e+00 1.883722544154897791e-03 8.448100000000000165e+00 1.355920773284711479e-03 8.994300000000000850e+00 5.582325600526488740e-04 5.174844007936410861e+00 2.691082180592830209e-03
1.577369999999999983e+01 4.450483685850138704e-03 1.285609999999999964e+01 1.791886717718510621e-03 1.410139999999999993e+01 8.113860387256842128e-04 1.103914993695116742e+01 2.200303414178889777e-03
1.520390000000000086e+01 1.896290345116669095e-03 1.236480000000000068e+01 1.378209929042003516e-03 1.418979999999999997e+01 1.411151546659734869e-03 1.083516145377365447e+01 1.356615863461508795e-02
2.064849999999999852e+01 2.776828644501278531e-01 1.695179999999999865e+01 9.886541613549444316e-03 1.853940000000000055e+01 2.153989604412172906e-03 1.547910621853349689e+01 2.095114681487333930e-02
2.155519999999999925e+01 1.568988439306358285e-01 1.788700000000000045e+01 2.011002037414335794e-02 1.947950000000000159e+01 3.176443053158187202e-03 1.624234193089654354e+01 4.251364818278838276e-02
1.982929999999999993e+01 3.645869711215580372e-02 1.590300000000000047e+01 3.619736622770461636e-03 1.733070000000000022e+01 9.152168049092993148e-04 1.383910474646788025e+01 1.247594568209735473e-02
1.716799999999999926e+01 5.417323620397165862e-03 1.404989999999999917e+01 7.931304011162001143e-04 1.532970000000000077e+01 5.527053924588044018e-04 1.172209611523161321e+01 4.055316639540076061e-03
1.726770000000000138e+01 4.540565406490464431e-03 1.404480000000000040e+01 1.122095907399751945e-03 1.534559999999999924e+01 5.301671940310167391e-04 1.214733615487882545e+01 3.322464507561579371e-03
1.530979999999999919e+01 3.276123231043118374e-03 1.229069999999999929e+01 9.223071695548759217e-04 1.420350000000000001e+01 8.607898012415465686e-04 1.114560470330584430e+01 7.379472725733014250e-03
1.423559999999999981e+01 2.599765342528074889e-03 1.150960000000000072e+01 1.120717596176674024e-03 1.271870000000000012e+01 5.812686039788422191e-04 9.312667523966483785e+00 2.788749129101396329e-03
2.008149999999999835e+01 6.341939252336448174e-02 1.591130000000000067e+01 2.705219882895228307e-03 1.736649999999999849e+01 8.843259268912490164e-04 1.422396354287949904e+01 1.018823669322504663e-02
9.992399999999999949e+00 1.217224601448462906e-03 8.818199999999999150e+00 8.168740689468376994e-04 9.483399999999999608e+00 3.139020194573340907e-04 6.267638756796197086e+00 2.050550198088949699e-02
2.099820000000000064e+01 1.114722792607802798e-01 1.661009999999999920e+01 4.963836693640560904e-03 1.810249999999999915e+01 1.685905498361826545e-03 1.431955070826855447e+01 2.215585275261900550e-02
1.796880000000000166e+01 1.176061525129982674e-02 1.467149999999999999e+01 2.745997622600470332e-03 1.598949999999999960e+01 9.996869475545080118e-04 1.224281959731621683e+01 7.036908656139492270e-03
1.725720000000000098e+01 1.067800944138473478e-02 1.407530000000000037e+01 1.558068450886130208e-03 1.537250000000000050e+01 6.299659412007032212e-04 1.201684336926463281e+01 4.102599743688294283e-03
1.516520000000000046e+01 1.478464534226615933e-03 1.525150000000000006e+01 1.623657843577089614e-03 1.518459999999999965e+01 6.431613679041305043e-04 1.205072364797236872e+01 3.107009088087221097e-03
1.468190000000000062e+01 2.734861460957178567e-03 1.214700000000000024e+01 1.479693632795464273e-03 1.330310000000000059e+01 7.446572110504512268e-04 9.665093162277024419e+00 2.199972557417153793e-03
1.591690000000000005e+01 2.282644801850099679e-03 1.284099999999999930e+01 8.985533633474576589e-04 1.415199999999999925e+01 2.134048784322974991e-03 1.096554305454659151e+01 1.905479425667020235e-02
1.572669999999999924e+01 3.475813938598456675e-03 1.287410000000000032e+01 9.742296717692872912e-04 1.410030000000000072e+01 8.089376983713063383e-04 1.090950557727663472e+01 2.571409379497377728e-03
7.420700000000000074e+00 5.617591514681153936e-04 6.775500000000000078e+00 6.707688505853642673e-04 7.179100000000000037e+00 2.827624643206866502e-04 3.616765055253608807e+00 3.163247215405672139e-03
1.690660000000000096e+01 7.497686623851943129e-03 1.380219999999999914e+01 1.555011314485405622e-03 1.508039999999999914e+01 8.627117566665606268e-04 1.153313277140153303e+01 4.335547836583955247e-03
1.279959999999999987e+01 2.078926205338337083e-03 1.064899999999999913e+01 1.254886097016909025e-03 1.169580000000000020e+01 5.604079673378376154e-04 8.097895043880999566e+00 3.399411091225998729e-03
1.785780000000000101e+01 7.852317928690242047e-03 1.456770000000000032e+01 1.441981539278836379e-03 1.588219999999999921e+01 7.012827634315535550e-04 1.236804690484617275e+01 5.918679136842371243e-03
1.561550000000000082e+01 7.722739881926167678e-03 1.274859999999999971e+01 3.368933846344793464e-03 1.398230000000000040e+01 1.238072432037949037e-03 1.054604210464780145e+01 2.683688719582246699e-03
1.785829999999999984e+01 8.513604642045008442e-03 1.445829999999999949e+01 1.202037088292277770e-03 1.579170000000000051e+01 6.867034767154304650e-04 1.267029234373395674e+01 4.520107326028443596e-03
1.833810000000000073e+01 1.568988439306358285e-02 1.470470000000000077e+01 1.900239774576893909e-03 1.607679999999999865e+01 9.362410320088299228e-04 1.314489120843496295e+01 5.670916030255821957e-03
1.951330000000000098e+01 7.138330046022352271e-02 1.545650000000000013e+01 7.178446280991734874e-03 1.689949999999999974e+01 2.216927003573251551e-03 1.388633180632644049e+01 8.514432822966350178e-03
1.247879999999999967e+01 2.270805011189425127e-03 1.051420000000000066e+01 1.311216849427563908e-03 1.149460000000000015e+01 6.043068565735499210e-04 8.248649554681826146e+00 2.128457374232077016e-03
9.463100000000000733e+00 1.710688851074557322e-03 8.253600000000000492e+00 1.054976874344125100e-03 8.933400000000000674e+00 5.418594321590234145e-04 6.224926960590083880e+00 1.209112676083961635e-03
1.092580000000000062e+01 8.465082916864830661e-04 9.095399999999999707e+00 4.830900248721907713e-04 1.002740000000000009e+01 2.771484145662839269e-04 7.861825546056755876e+00 1.609902419251083147e-03
1.849399999999999977e+01 1.718758904543295565e-02 1.465060000000000073e+01 2.742945203749084116e-03 1.606030000000000157e+01 1.203769610288818546e-03 1.356388311777739730e+01 5.362111882376416859e-03
1.507029999999999959e+01 2.183577016672364791e-03 1.221729999999999983e+01 1.007441636046468294e-03 1.344740000000000002e+01 4.330868215941092135e-04 1.054618773045493185e+01 1.583575228503398755e-03
1.879799999999999827e+01 3.101228220508426073e-02 1.499680000000000035e+01 2.424176118603197250e-03 1.639890000000000114e+01 9.587700785037484887e-04 1.329968475754079904e+01 5.883535730152864886e-03
1.024290000000000056e+01 4.616928539536069753e-04 8.702400000000000801e+00 4.020499831513306096e-04 9.522899999999999920e+00 2.531464357492923807e-04 7.152333257604696293e+00 1.317787180870242129e-03
1.561410000000000053e+01 4.783206308647957802e-03 1.275619999999999976e+01 1.329602370834812985e-03 1.399039999999999928e+01 6.769881155769493820e-04 1.071462009668560178e+01 2.554053397997297151e-03
1.652220000000000155e+01 4.724922755559423510e-03 1.336190000000000033e+01 1.079275141900018845e-03 1.465600000000000058e+01 5.869721526925550555e-04 1.172785800229543085e+01 2.544201442975116498e-03
1.655470000000000041e+01 1.055038383053153242e-02 1.325910000000000011e+01 7.884249509839517250e-03 1.522809999999999953e+01 1.388041574513237996e-03 1.201653576166166992e+01 1.646164094110786832e-02
1.811639999999999873e+01 1.134761705685618551e-02 1.455439999999999934e+01 2.764385375292799721e-03 1.591389999999999993e+01 1.222198457815050271e-03 1.292915926294066864e+01 4.851209651841745067e-03
2.153500000000000014e+01 1.667803379416282483e-01 1.816799999999999926e+01 2.158528827037773171e-02 1.969000000000000128e+01 4.234225099446220671e-03 1.774989037996932240e+01 2.661640349166875461e-02
1.526890000000000036e+01 4.252634052720222213e-03 1.234040000000000070e+01 1.979543465577596282e-03 1.358549999999999969e+01 8.704094148582238854e-04 1.059129599511894781e+01 2.261533732039997663e-03
1.550730000000000075e+01 5.001566242859774650e-03 1.261459999999999937e+01 2.206160848539033721e-03 1.385229999999999961e+01 1.072770208183066723e-03 1.074946216436711310e+01 2.410070511163110805e-03
1.853430000000000177e+01 1.842423213982691266e-02 1.472979999999999912e+01 1.625675655441927115e-03 1.616159999999999997e+01 2.259416489782328178e-03 1.329992297031092718e+01 6.831313239062597291e-03
1.202940000000000076e+01 1.181217837831957055e-03 1.016169999999999973e+01 8.585707620651753013e-04 1.110779999999999923e+01 4.258839404090405717e-04 7.913226802444128793e+00 1.911655856977651988e-03
1.420529999999999937e+01 3.991544428513657365e-03 1.141080000000000005e+01 1.939929959977129866e-03 1.262930000000000064e+01 8.125397573770981379e-04 1.032631162346153353e+01 2.021731700667484238e-03
1.435619999999999941e+01 4.028570368446439572e-03 1.172109999999999985e+01 1.862748125654090873e-03 1.290090000000000003e+01 9.813002178176656511e-04 1.008735332328524237e+01 2.305025510944595703e-03
1.289910000000000068e+01 1.947061671717805658e-03 1.045079999999999920e+01 9.869556127225953979e-04 1.158530000000000015e+01 6.943137054279428441e-04 9.642163789088169068e+00 1.907180308917166226e-03
1.653969999999999985e+01 5.041277800993637995e-03 1.352779999999999916e+01 1.611368358563371878e-03 1.478850000000000087e+01 7.220456208020215949e-04 1.132619411719635671e+01 3.953370218269482671e-03
1.624299999999999855e+01 3.448107215447154209e-03 1.324140000000000050e+01 1.053881172165438591e-03 1.450099999999999945e+01 6.217124664303669453e-04 1.119298362098130895e+01 3.525110729304071697e-03
1.926679999999999993e+01 3.308165752589883879e-02 1.545630000000000059e+01 3.341149679960610675e-03 1.684410000000000096e+01 1.506800266459420480e-03 1.331852443500015148e+01 1.110705539914236956e-02
1.686870000000000047e+01 7.898014112169927936e-03 1.380610000000000070e+01 2.111513029949435485e-03 1.508060000000000045e+01 9.115056877807160146e-04 1.136454940963405313e+01 3.978013876972896073e-03
1.662239999999999895e+01 5.757145129646322294e-03 1.342239999999999966e+01 1.157900349799505235e-03 1.471990000000000087e+01 7.551450489988106862e-04 1.183883178511453593e+01 2.774382092021720689e-03
1.492820000000000036e+01 3.065330321852060853e-03 1.214939999999999998e+01 1.272043489467394612e-03 1.336340000000000039e+01 7.706897408414312449e-04 1.047979324821017499e+01 1.833178602870359298e-03
1.593560000000000088e+01 5.743744379199068259e-03 1.264630000000000010e+01 1.717127945595445194e-03 1.396080000000000076e+01 8.306670645030488380e-04 1.222666954052781918e+01 1.887044492288828673e-03
2.010450000000000159e+01 8.644426751592355906e-02 1.599830000000000041e+01 4.893145252151967495e-03 1.746219999999999928e+01 1.837776536501971921e-03 1.394848503295046172e+01 1.187712072095867440e-02
1.758289999999999864e+01 1.150513934513086589e-02 1.417570000000000086e+01 1.346387073572996324e-03 1.550869999999999926e+01 7.648426272929639445e-04 1.255633683506120057e+01 4.113431167838355051e-03
1.539090000000000025e+01 5.584795020832261300e-03 1.243989999999999974e+01 2.379547646182168623e-03 1.369149999999999956e+01 1.069736738393631129e-03 1.064591070565992759e+01 2.085598729147161625e-03
1.960310000000000130e+01 3.888753581661890529e-02 1.573310000000000031e+01 2.461437315801405339e-03 1.713250000000000028e+01 1.114208014777566752e-03 1.349831689206172847e+01 1.072150252044274353e-02
2.138820000000000121e+01 2.202312373225152053e-01 1.718690000000000140e+01 1.541368540601930660e-02 1.877309999999999945e+01 3.450079440737209742e-03 1.513810636031868917e+01 2.945796647928028075e-02
1.142559999999999931e+01 8.041565444095513920e-04 9.866699999999999804e+00 6.183804349064233458e-04 1.069309999999999938e+01 2.617161700260814297e-04 7.180589429628492226e+00 1.574056404141400143e-03
nan nan 9.980399999999999494e+00 1.790099336383495947e-04 1.106450000000000067e+01 3.217007407407407316e-03 7.792054788484749750e+00 4.312813489289333418e-03
7.876100000000000101e+00 9.546393746757757216e-04 7.115999999999999659e+00 1.089597173995945564e-03 7.582300000000000040e+00 3.690006049524534445e-04 4.313282218646047994e+00 3.165479886172043421e-03
2.133180000000000121e+01 3.513721682847896211e-01 1.922269999999999968e+01 5.478002018163470599e-02 2.072869999999999990e+01 9.680278174037089053e-03 1.732381366715207349e+01 1.424032412758336474e-01
1.821529999999999916e+01 9.388153912667529868e-03 1.441539999999999999e+01 1.278544512482336247e-03 1.580790000000000006e+01 8.467855778004819032e-04 1.343267024726841541e+01 3.561648179069555348e-03
1.671180000000000021e+01 8.570052884994868933e-03 1.347579999999999956e+01 3.037119919438305889e-03 1.478550000000000075e+01 1.593676608736495923e-03 1.172262711394115620e+01 3.731811229896767231e-03
1.682400000000000162e+01 4.203406891211769122e-03 1.370809999999999995e+01 1.424089400716150059e-03 1.499479999999999968e+01 6.598277716667982603e-04 1.150753686243742813e+01 3.704326569755544366e-03
1.767050000000000054e+01 1.305132828464959649e-02 1.438710000000000022e+01 2.081796218890209684e-03 1.571499999999999986e+01 7.323215971941184543e-04 1.222741225336147863e+01 4.417700664191602858e-03
nan nan nan nan 1.469100000000000072e+01 1.888539075681411068e-03 1.143301113788817780e+01 9.454704004986826463e-03
1.557629999999999981e+01 9.302887498928968588e-03 1.256119999999999948e+01 8.250303951367780192e-03 1.442409999999999926e+01 9.508771007943389499e-04 1.116601378208957662e+01 6.483082153149670283e-03
1.061129999999999995e+01 1.897151843438755819e-03 9.199899999999999523e+00 1.137305428110531530e-03 9.969200000000000728e+00 5.114611695763182121e-04 6.719761400491821135e+00 7.724209831533309333e-03
1.261330000000000062e+01 6.928560033183369738e-04 1.063640000000000008e+01 4.279587862925794792e-04 1.162330000000000041e+01 3.454558181563641009e-04 8.173365997397265659e+00 1.941050307570733359e-03
1.474399999999999977e+01 2.586388432311393509e-03 1.200500000000000078e+01 1.268298951008106851e-03 1.320880000000000010e+01 6.463622996005404919e-04 1.033157488303356608e+01 1.609299181452010334e-03
2.137150000000000105e+01 1.748373590982286452e-01 1.683310000000000173e+01 7.668738522390167178e-03 1.842719999999999914e+01 1.821344695698852391e-03 1.657552196000277078e+01 1.151808183661602938e-02
1.618100000000000094e+01 3.035252019792569495e-03 1.368069999999999986e+01 9.340261349070480080e-04 1.482060000000000066e+01 4.505799597451911405e-04 1.115363976787254607e+01 3.229560162201776125e-03
1.308339999999999925e+01 4.266671906315086006e-03 1.079940000000000033e+01 1.852893492840930164e-03 1.189669999999999916e+01 1.022046087807816769e-03 8.885357486369921176e+00 2.321797241559881483e-03
9.709699999999999775e+00 1.078503243237873823e-03 8.534100000000000463e+00 7.187951009599469372e-04 9.203699999999999548e+00 2.851185521122469833e-04 6.091961185862091455e+00 2.371699401161017715e-03
2.117490000000000094e+01 1.537875354107648695e-01 1.731360000000000099e+01 9.212897751378871722e-03 1.896780000000000044e+01 2.564518033871081727e-03 1.567981469857636512e+01 3.118377434454690580e-02
1.612989999999999924e+01 4.457609722051155375e-03 1.310749999999999993e+01 1.621475507765830076e-03 1.437289999999999957e+01 7.281177070200380236e-04 1.120967960513009487e+01 2.216210636900666463e-03
1.392660000000000053e+01 5.017746556983084666e-03 1.125719999999999921e+01 2.267958974787458257e-03 1.245770000000000088e+01 9.982072097748438504e-04 9.071896363431607213e+00 2.339535194999329756e-02
1.662989999999999924e+01 3.298116646415552838e-03 1.348049999999999926e+01 9.558832592331733755e-04 1.476699999999999946e+01 6.867251935434903797e-04 1.231133125469228951e+01 1.972910325315414826e-03
1.554250000000000043e+01 2.752960267755267653e-03 1.292999999999999972e+01 1.545229420471365151e-03 1.410629999999999917e+01 5.960855362485930524e-04 9.777663783103143658e+00 3.169589231822903756e-03
nan nan nan nan 1.920579999999999998e+01 3.628325090228578902e-03 1.482929904466058879e+01 6.716017607113282384e-02
1.528529999999999944e+01 1.212033936146461295e-03 1.554279999999999973e+01 2.361125608907446109e-03 1.536200000000000010e+01 6.353109146337895374e-04 1.106611090054655300e+01 5.791004870910992398e-03
1.927639999999999887e+01 4.122019741837509160e-02 1.565970000000000084e+01 3.374378418697165406e-03 1.703719999999999857e+01 9.567002678697305185e-04 1.297268750291738471e+01 1.075391985997814319e-02
1.869729999999999848e+01 1.629506228425633974e-02 1.532380000000000031e+01 1.952629307244083253e-03 1.665370000000000061e+01 7.820643953036087066e-04 1.246248597630863664e+01 8.878700757984279296e-03
1.771330000000000027e+01 6.852688714970966988e-03 1.443490000000000073e+01 1.287795042106511635e-03 1.574690000000000012e+01 6.369097201853698466e-04 1.225508791363435890e+01 4.111117607863114080e-03
1.926370000000000005e+01 3.145249130938585630e-02 1.568740000000000023e+01 2.821129761471703745e-03 1.707890000000000086e+01 1.106926574638582425e-03 1.297952937582027033e+01 1.338591553380181348e-02
1.143529999999999980e+01 3.899563977502100518e-04 1.000309999999999988e+01 2.636071846517657868e-04 1.077909999999999968e+01 1.317148503416792655e-04 6.898785101599910874e+00 1.769627058921235691e-03
1.561480000000000068e+01 5.221410022121765471e-03 1.284079999999999977e+01 2.250984782518555306e-03 1.405139999999999922e+01 1.049886380118938154e-03 1.056694811028551051e+01 3.066097520087224422e-03
1.048569999999999958e+01 1.730952570745316688e-03 9.309499999999999886e+00 1.190634938041451900e-03 9.974700000000000344e+00 5.266645323399012568e-04 6.170070691179468270e+00 3.174539043572824695e-03
1.782199999999999918e+01 1.092403662340275632e-02 1.460030000000000072e+01 1.586782415526715589e-03 1.590639999999999965e+01 7.842958789323509032e-04 1.204660432319816188e+01 6.850004671177053854e-03
1.206179999999999986e+01 1.061215314091348751e-03 1.040019999999999989e+01 8.711007702182283667e-04 1.126689999999999969e+01 4.323159927531903743e-04 7.419783181343703404e+00 2.541164698313861867e-03
1.740759999999999863e+01 8.995360397680198655e-03 1.414020000000000010e+01 2.287743104574474582e-03 1.545120000000000005e+01 7.190140658525601917e-04 1.210681743923325726e+01 3.962975077430490496e-03
1.400130000000000052e+01 3.174585538434548417e-03 1.168280000000000030e+01 1.775042097863226967e-03 1.278049999999999997e+01 7.390209371341445455e-04 9.059394433335087982e+00 3.065479758803188546e-03
1.592810000000000059e+01 5.433590231208086825e-03 1.283610000000000007e+01 2.908491829627645256e-03 1.411890000000000001e+01 1.138987673747705138e-03 1.099822357155903063e+01 1.765822321864942215e-02
1.619200000000000017e+01 2.665700957525165508e-03 1.325820000000000043e+01 1.054474821541300173e-03 1.450469999999999970e+01 4.399413271094686434e-04 1.103113432738062905e+01 2.631365179327265370e-03
2.070329999999999870e+01 1.338766954377312024e-01 1.624139999999999873e+01 5.733431905792891851e-03 1.783050000000000068e+01 2.016417494660599757e-03 1.453569315838761611e+01 1.488794697337233672e-02
1.864039999999999964e+01 2.042784571966133403e-02 1.464300000000000068e+01 1.694297930776192656e-03 1.606289999999999907e+01 8.642775265872762718e-04 1.384115284987004202e+01 4.079614009142138072e-03
1.681709999999999994e+01 4.970199130235751668e-03 1.402699999999999925e+01 1.051106055472191079e-03 1.523990000000000045e+01 7.818560205088320898e-04 1.143664769503068435e+01 4.191997170839152978e-03
1.716159999999999997e+01 8.320484328301017835e-03 1.403439999999999976e+01 8.994242637617527953e-04 1.531760000000000055e+01 5.514813817764390629e-04 1.138106771210513202e+01 5.778734275570069148e-03
6.455099999999999838e+00 6.263607571203580124e-04 6.074300000000000033e+00 7.016589224435984713e-04 6.324799999999999756e+00 2.287400902960217807e-04 2.155914172860422084e+00 4.617253041223185438e-03
1.907389999999999830e+01 1.780777431523700161e-02 1.555480000000000018e+01 2.330514295526745112e-03 1.691339999999999932e+01 8.182962399101617644e-04 1.289441914310573978e+01 9.078880109540629281e-03
1.710269999999999868e+01 6.151152909183615555e-03 1.398590000000000089e+01 1.713902350471199158e-03 1.527330000000000076e+01 6.181023244163341137e-04 1.159372757077697891e+01 1.333822586048077907e-02
1.693140000000000001e+01 3.533159778717865056e-03 1.392280000000000051e+01 1.139956322707991968e-03 1.518549999999999933e+01 4.837788342861216615e-04 1.127028603680548535e+01 4.168198008593096415e-03
2.091009999999999991e+01 1.079264413518886551e-01 1.702659999999999840e+01 7.404118930714675799e-03 1.850219999999999843e+01 1.710015277274660322e-03 1.390190298576180972e+01 2.761503390533427693e-02
1.900919999999999987e+01 2.019230053933419866e-02 1.565670000000000073e+01 1.885390800006945915e-03 1.698750000000000071e+01 7.338312324693318719e-04 1.226840211671070335e+01 1.192839117925359113e-02
1.932710000000000150e+01 2.895306666666666584e-02 1.588109999999999999e+01 2.809231804186395134e-03 1.723570000000000135e+01 8.249802443620448192e-04 1.271590277147713977e+01 1.239834262052281165e-02
1.481140000000000079e+01 4.289258483783035987e-03 1.218950000000000067e+01 2.110856209658604644e-03 1.336619999999999919e+01 8.782030542254432894e-04 9.988332550708662438e+00 2.024449549190972860e-03
1.965930000000000177e+01 5.900760869565217781e-02 1.574280000000000079e+01 4.689008853379398982e-03 1.716169999999999973e+01 1.427590922239461513e-03 1.376938147596743534e+01 1.105093712774366140e-02
1.880260000000000176e+01 1.945073450376209184e-02 1.490889999999999915e+01 1.358074724504984348e-03 1.632219999999999871e+01 6.433824182987170218e-04 1.334705240373500956e+01 5.226568408073189835e-03
1.633340000000000103e+01 2.434340037218896483e-03 1.362739999999999974e+01 7.697444913932450453e-04 1.481990000000000052e+01 4.634131767196489273e-04 1.111140987828462023e+01 3.258107654448845047e-03
2.078300000000000125e+01 8.616984126984127135e-02 1.671590000000000131e+01 6.011516527324067827e-03 1.824419999999999931e+01 1.778181758626901738e-03 1.466703038633486678e+01 1.859168855264978215e-02
1.704619999999999891e+01 6.519003302311617357e-03 1.381700000000000017e+01 1.195090809025866696e-03 1.511909999999999954e+01 6.519786224704256792e-04 1.209747892634968025e+01 3.177689908439787405e-03
1.287950000000000017e+01 1.064993918468238720e-03 1.068430000000000035e+01 6.359844890404057474e-04 1.174900000000000055e+01 4.716753262550610120e-04 8.822112149612612697e+00 1.616672464185421642e-03
1.701340000000000074e+01 5.569611162408946020e-03 1.360820000000000007e+01 8.048241712625273710e-04 1.494359999999999999e+01 6.233472462237123245e-04 1.176551061169103640e+01 4.540578730398538501e-03
1.663889999999999958e+01 3.709648763154297854e-03 1.359270000000000067e+01 9.578903720433711326e-04 1.486139999999999972e+01 5.487970076829760653e-04 1.125471080454990336e+01 3.292522129236772309e-03
1.960640000000000072e+01 4.061878039655816841e-02 1.598659999999999926e+01 3.147437384044526974e-03 1.737199999999999989e+01 1.156740747054185942e-03 1.313298291167104637e+01 1.544115738679750424e-02
1.511839999999999939e+01 1.551367416340410825e-03 1.252849999999999930e+01 5.824785407725321029e-04 1.369780000000000086e+01 3.804234713720598335e-04 9.884764576308628037e+00 4.356068343328978361e-03
2.019119999999999848e+01 6.718688118811880217e-02 1.598990000000000045e+01 4.113898150954834083e-03 1.748420000000000130e+01 1.318301582097888358e-03 1.366461792447523216e+01 1.304869444918580097e-02
1.605649999999999977e+01 2.701248942628252641e-03 1.304470000000000063e+01 1.328122324159021397e-03 1.435730000000000040e+01 1.420530667783127332e-03 1.046593565066950582e+01 2.563778860681123831e-02
1.108590000000000053e+01 1.082395398219501530e-03 9.888799999999999812e+00 6.751610576325149399e-04 1.056230000000000047e+01 2.981884694819176554e-04 6.210427260178416731e+00 1.897315426848668720e-03
1.612340000000000018e+01 3.334377495239849911e-03 1.343030000000000079e+01 7.887628858489948878e-04 1.462420000000000009e+01 4.185065836134323420e-04 1.038747599408645250e+01 3.469255151634877913e-03
1.666629999999999967e+01 3.748196223288569138e-03 1.341869999999999941e+01 1.044935277416871250e-03 1.472809999999999953e+01 6.188315759475633213e-04 1.144474901538803202e+01 3.181166846285591980e-03
1.861690000000000111e+01 3.273258968947843905e-02 1.532670000000000066e+01 8.104351720534447301e-03 1.674520000000000053e+01 8.303621276433023569e-04 1.237406974925442782e+01 8.760118171782075441e-03
nan nan nan nan 1.700609999999999999e+01 1.269559523391915277e-03 1.265390501154541347e+01 1.004361792162278798e-02
1.910800000000000054e+01 3.217007407407407316e-02 1.570529999999999937e+01 2.719448966812773680e-03 1.704629999999999868e+01 7.283277320507401979e-04 1.273021981591682206e+01 1.142576509857265790e-02
1.256329999999999991e+01 5.491550798893333855e-04 1.087809999999999988e+01 3.754858968861099228e-04 1.175799999999999912e+01 2.620528527397838732e-04 7.512702769827384941e+00 2.839205836401683617e-03
1.961240000000000094e+01 4.631996587030716428e-02 1.565709999999999980e+01 3.310182926829267902e-03 1.713479999999999848e+01 1.394710136549898952e-03 1.305896666966676634e+01 1.599545682299252994e-02
1.663550000000000040e+01 4.514511434511434343e-03 1.397020000000000017e+01 1.008480322493753674e-03 1.515799999999999947e+01 4.103139691321632866e-04 1.137641403678596674e+01 3.510608475182942605e-03
1.655349999999999966e+01 4.262986375593858825e-03 1.378120000000000012e+01 1.165619934082686316e-03 1.499440000000000062e+01 5.509972088302460746e-04 1.041799616005648943e+01 4.346210984079910099e-03
1.606180000000000163e+01 2.696686702101236746e-03 1.334709999999999930e+01 1.463577051655343391e-03 1.454659999999999975e+01 5.765001353984697523e-04 9.948830473055243928e+00 3.649010565830925791e-03
1.633569999999999922e+01 3.449421781674926867e-03 1.642770000000000152e+01 4.353408179631114254e-03 1.635409999999999897e+01 7.455520535058264174e-04 1.209325424971729745e+01 6.457946202891352155e-03
1.617399999999999949e+01 3.420730938878386793e-03 1.343849999999999945e+01 1.454070631721329993e-03 1.464150000000000063e+01 4.902778906680394389e-04 1.048266114756710543e+01 3.150176365815770662e-03
9.444800000000000750e+00 6.787996248827758879e-03 8.405699999999999505e+00 5.245881045562158194e-03 9.014799999999999258e+00 2.061988415155255935e-03 5.114293695224828795e+00 2.733363985966550530e-03
9.094799999999999329e+00 1.194788330967393912e-03 8.247299999999999187e+00 7.736552205730408893e-04 8.754799999999999471e+00 3.687612293625967342e-04 4.713731237910996796e+00 1.968673546339264405e-03
1.705949999999999989e+01 9.807949412827461286e-03 1.402340000000000053e+01 1.270629264239487828e-03 1.528950000000000031e+01 7.328010366960711420e-04 1.081807255285460911e+01 5.408757518562787477e-03
2.098600000000000065e+01 2.423526785714285314e-01 1.820129999999999981e+01 5.404380288700846163e-02 1.981970000000000098e+01 8.917049934296976399e-03 1.537483575513087608e+01 7.923666899572134881e-02
2.034730000000000061e+01 9.093299832495811696e-02 1.643250000000000099e+01 4.296897261358238913e-03 1.790790000000000148e+01 1.338139959082057604e-03 1.393094144663517930e+01 1.793907142616711289e-02
1.759570000000000078e+01 1.256207335415943441e-02 1.460299999999999976e+01 2.374707464841101581e-03 1.592200000000000060e+01 7.155124124341813874e-04 1.150586863487949962e+01 7.563130975582177916e-03
1.894660000000000011e+01 2.472085610200364103e-02 1.563770000000000060e+01 2.559198585739540146e-03 1.696140000000000114e+01 8.043412230988628182e-04 1.235440900177695767e+01 1.205476308312391186e-02
2.061439999999999984e+01 7.619228070175437795e-02 1.668759999999999977e+01 4.525236527320467862e-03 1.811599999999999966e+01 1.374302241687024549e-03 1.352291658731142654e+01 2.129281543644462663e-02
1.405460000000000065e+01 1.279162101344266450e-03 1.203739999999999988e+01 6.983598121824145973e-04 1.303800000000000026e+01 3.173082543282326057e-04 8.309341197735937712e+00 2.088211023585460381e-03
nan nan nan nan 1.695279999999999987e+01 1.808059950041631834e-03 1.198684104246289372e+01 1.775183059727913557e-02
1.929520000000000124e+01 3.227526753864446568e-02 1.561969999999999992e+01 2.665504627697444333e-03 1.700169999999999959e+01 9.484019182222376944e-04 1.240627479428312618e+01 1.284976229262806482e-02
2.003849999999999909e+01 7.009296320206584441e-02 1.626360000000000028e+01 5.019602404068422563e-03 1.766430000000000078e+01 1.386959965253825762e-03 1.345897570914959296e+01 1.346130925046678389e-02
9.901099999999999568e+00 1.098615776905330485e-03 9.015499999999999403e+00 8.913316531347743269e-04 9.542099999999999582e+00 3.503562485478998903e-04 4.891180212859977061e+00 2.176923055700418115e-03
1.079620000000000068e+01 1.121203672150107794e-03 9.660500000000000753e+00 8.273187235209850500e-04 1.030680000000000085e+01 3.421054289945489688e-04 5.924098097216692338e+00 1.943941439004881738e-03
1.809720000000000084e+01 9.526542072475212286e-03 1.481840000000000046e+01 1.433433671313899234e-03 1.613410000000000011e+01 5.700559691697031257e-04 1.224781238013300388e+01 4.985181161148057559e-03
1.781250000000000000e+01 1.194433443344334288e-02 1.475910000000000011e+01 2.297035987052277375e-03 1.603590000000000160e+01 8.960468762895105240e-04 1.137218444619075086e+01 7.251655583195523204e-03
1.476110000000000078e+01 1.611990379190545494e-03 1.242719999999999914e+01 5.699243068459786121e-04 1.352820000000000000e+01 3.829041381888458290e-04 9.110906665133725824e+00 2.102362534295250818e-03
1.609169999999999945e+01 3.882357147965385946e-03 1.339209999999999923e+01 1.501403581552928105e-03 1.458970000000000056e+01 7.023761005556957131e-04 9.723183279890799113e+00 4.194296368273443126e-03
2.065850000000000009e+01 1.017563261480787240e-01 1.942439999999999856e+01 4.892924740874267375e-02 2.005069999999999908e+01 4.248473939583659147e-03 1.513273250435558914e+01 7.631330024086736830e-02
1.923750000000000071e+01 2.599329662437155353e-02 1.594280000000000008e+01 2.275850504118892299e-03 1.725840000000000174e+01 1.046778889724455730e-03 1.225753123727206528e+01 1.439078087741619758e-02
1.519020000000000081e+01 2.231691023822737242e-03 1.289700000000000024e+01 1.029332574895714791e-03 1.398569999999999958e+01 4.802013259560991673e-04 9.028275038157273613e+00 4.063519650623258206e-03
1.728000000000000114e+01 7.042942397509081159e-03 1.413659999999999961e+01 1.171051070484818929e-03 1.542450000000000010e+01 6.221043162376021368e-04 1.103885461432217774e+01 4.859118550012725413e-03
8.158200000000000784e+00 4.028854395879639732e-04 7.607800000000000118e+00 4.589411391736235627e-04 7.958899999999999864e+00 2.872806843468620570e-04 2.977925367825125846e+00 3.863723895976706787e-03
1.833999999999999986e+01 1.775825973176316588e-02 1.518709999999999916e+01 3.477149719775820234e-03 1.648369999999999891e+01 1.168379480667620712e-03 1.150487683179733622e+01 1.028099862955234901e-02
1.788459999999999894e+01 9.525706264256885575e-03 1.465460000000000029e+01 1.571531959240388869e-03 1.596069999999999922e+01 7.053511683958187768e-04 1.130922544025925269e+01 6.614460703821795941e-03
1.481010000000000026e+01 1.313691801374503726e-03 1.249430000000000085e+01 6.925378084795601142e-04 1.358980000000000032e+01 3.182019337008478105e-04 9.090101119655763284e+00 2.440478920239792619e-03
1.880150000000000077e+01 1.615444130337747447e-02 1.546819999999999951e+01 1.999226633276865190e-03 1.679070000000000107e+01 7.958862035346981993e-04 1.228166812931644181e+01 9.336829372090739779e-03
1.473460000000000036e+01 2.409489358869088427e-03 1.231499999999999950e+01 1.135022684981914576e-03 1.344480000000000075e+01 5.332056476365868575e-04 9.398978737660334204e+00 1.925218476091702545e-03
1.543449999999999989e+01 2.468095746857311250e-03 1.307479999999999976e+01 7.788107022451760779e-04 1.418239999999999945e+01 3.979008088189483626e-04 9.515706511503385201e+00 3.237334376541164700e-03
1.773920000000000030e+01 1.130155095243051862e-02 1.471659999999999968e+01 2.021598674288267467e-03 1.599549999999999983e+01 7.374147626939063331e-04 1.113306346224405452e+01 7.465658547257728733e-03
2.003979999999999961e+01 5.369634025717111986e-02 1.630170000000000030e+01 3.331614962103777392e-03 1.771480000000000032e+01 1.468168541756815137e-03 1.311179169509927611e+01 1.757464821005412514e-02
1.756119999999999948e+01 7.485797021511307256e-03 1.457690000000000019e+01 1.690314947145548025e-03 1.583339999999999925e+01 8.232350421193900761e-04 1.105139015015061510e+01 6.841454190470301275e-03
2.025659999999999883e+01 5.135950804162724148e-02 1.636029999999999873e+01 3.739417943860857182e-03 1.777720000000000056e+01 1.704672486340513826e-03 1.327232107805446581e+01 1.794768351576717103e-02
1.512950000000000017e+01 8.616300293627488990e-03 1.263829999999999920e+01 9.719273117894548786e-03 1.387260000000000026e+01 1.018422286839883607e-03 9.273025425229347363e+00 8.119786904802875349e-03
1.460730000000000040e+01 2.853006096279167309e-03 1.232130000000000081e+01 1.493247146197221710e-03 1.341000000000000014e+01 6.375604829238502294e-04 8.827333927369437561e+00 2.555280297784173239e-03
1.771549999999999869e+01 8.397710573130172731e-03 1.471669999999999945e+01 2.379495496285256948e-03 1.598150000000000048e+01 7.635356085485832433e-04 1.124900501193207525e+01 6.789207096021653530e-03
1.956230000000000047e+01 3.928147612156294988e-02 1.615980000000000061e+01 2.774203439200755884e-03 1.749429999999999907e+01 1.170533442580533930e-03 1.257486833179454244e+01 1.636457665707082010e-02
1.625649999999999906e+01 6.037926815704593164e-03 1.283629999999999960e+01 2.184983196152220485e-03 1.417570000000000086e+01 1.076898661985102113e-03 1.254950065137616022e+01 1.856398132474062958e-03
1.553420000000000023e+01 2.761783633912446266e-03 1.242719999999999914e+01 1.060034171344886476e-03 1.370730000000000004e+01 6.675971814011830542e-04 1.164630366189018496e+01 1.740884830228009222e-03
1.749360000000000070e+01 9.769120028792512705e-03 1.393030000000000079e+01 1.556281803196445188e-03 1.528889999999999993e+01 6.797217857299368360e-04 1.287263425456752231e+01 3.558015927121789372e-03
1.474799999999999933e+01 2.794553690929681925e-03 1.168079999999999963e+01 1.047738523743811873e-03 1.296180000000000021e+01 7.451938585714383426e-04 1.063561002515013598e+01 1.379768624202339609e-02
1.446720000000000006e+01 4.003170857606370807e-03 1.168239999999999945e+01 1.871707350710246666e-03 1.290029999999999966e+01 8.606738010305192092e-04 1.060925673747125941e+01 2.124878406873737576e-03
2.058849999999999980e+01 1.230997732426303698e-01 1.670210000000000150e+01 1.148688108336859935e-02 1.831950000000000145e+01 1.840206098201725227e-03 1.564053142171892397e+01 1.432227859703827724e-02
1.521470000000000056e+01 2.480104161907807376e-03 1.218490000000000073e+01 1.041996967312232378e-03 1.345010000000000083e+01 5.100627630787732750e-04 1.125948108949508608e+01 1.282490682298125829e-03
1.288809999999999967e+01 1.800205597559357933e-03 1.060019999999999918e+01 2.436798635425082779e-03 1.179720000000000013e+01 9.149854207749743206e-04 8.796692983242301977e+00 1.547804614655932248e-02
1.759560000000000102e+01 1.378017514913059891e-02 1.389259999999999984e+01 1.243631448730871504e-03 1.527790000000000070e+01 6.979467993468842181e-04 1.297302944217916298e+01 1.340441016674883898e-02
2.041420000000000101e+01 1.317645631067961010e-01 1.678280000000000172e+01 7.310395906275248337e-03 1.819590000000000174e+01 2.555764794501200372e-03 1.391596732893099464e+01 1.788482497025170939e-02
2.085429999999999851e+01 9.997605893186004011e-02 1.739989999999999881e+01 8.540391725005898674e-03 1.886850000000000094e+01 2.062693542565115657e-03 1.416631708950633950e+01 2.993032692364327313e-02
1.974320000000000164e+01 4.745367132867132909e-02 1.587059999999999960e+01 3.212818843581700685e-03 1.730440000000000111e+01 1.366363796531675466e-03 1.356052204785916082e+01 9.542583677184187513e-03
1.630170000000000030e+01 7.289291708627056166e-03 1.347330000000000005e+01 3.108419937587677487e-03 1.469969999999999999e+01 1.149782907974160719e-03 1.041305488955344671e+01 3.503840761030081220e-03
2.126139999999999830e+01 2.495954022988505772e-01 1.913749999999999929e+01 5.265470417070804154e-02 2.072090000000000032e+01 7.908369145604195530e-03 1.665920851326479735e+01 1.326218154337603372e-01
1.300980000000000025e+01 7.417776866844298005e-04 1.126350000000000051e+01 3.726902943448039129e-04 1.216380000000000017e+01 2.205287050483918209e-04 7.671160585001189247e+00 1.946436309851486222e-03
2.079619999999999891e+01 1.054116504854368808e-01 1.671719999999999828e+01 6.270516892867455602e-03 1.817310000000000159e+01 1.487539218238364625e-03 1.387815276671162223e+01 1.864000957785455492e-02
1.155320000000000036e+01 8.053256193443108276e-04 1.022589999999999932e+01 5.085742925798760437e-04 1.095940000000000047e+01 2.779451707621770590e-04 6.582084141506387098e+00 2.945713962310676001e-03
1.774589999999999890e+01 7.156208805694700033e-03 1.467319999999999958e+01 1.148007951277279538e-03 1.594929999999999914e+01 4.573828570947126868e-04 1.161427850346132651e+01 7.500526599453900128e-03
2.027349999999999852e+01 4.381517352703792612e-02 1.633299999999999841e+01 3.453371501272264801e-03 1.777890000000000015e+01 9.084322026807676014e-04 1.364832620184395751e+01 1.700872975115230029e-02
2.079060000000000130e+01 9.131539108494532431e-02 1.690040000000000120e+01 5.791231064646895459e-03 1.838319999999999865e+01 1.243289666544521686e-03 1.418479218992000668e+01 2.223289784112441117e-02
1.783419999999999916e+01 1.065181987638575377e-02 1.436519999999999975e+01 1.832843782707046110e-03 1.570870000000000033e+01 9.518274027123933053e-04 1.270091749151742277e+01 4.085095773722037353e-03
2.130590000000000117e+01 1.415567144719687143e-01 1.795260000000000034e+01 1.770901973576904237e-02 1.952479999999999905e+01 2.950059776111292088e-03 1.651814505605409877e+01 2.866524595281588414e-02
2.071310000000000073e+01 1.061329423264907035e-01 1.668449999999999989e+01 6.501826456674051485e-03 1.816750000000000043e+01 1.430751390243259437e-03 1.423229794518368152e+01 2.105326937894376818e-02
1.742340000000000089e+01 7.628328532284127557e-03 1.441639999999999944e+01 1.462354874336664395e-03 1.567719999999999914e+01 7.434283953575951572e-04 1.170511629320376912e+01 4.838908973324795165e-03
2.058790000000000120e+01 1.891533101045295984e-01 1.708060000000000045e+01 1.005035638248634629e-02 1.860960000000000036e+01 2.266964546707312018e-03 1.443908454996253710e+01 2.983358888404819345e-02
2.025169999999999959e+01 7.286845637583891366e-02 1.637890000000000157e+01 5.326432496075352539e-03 1.782160000000000011e+01 1.374110917052674035e-03 1.354540480388036627e+01 2.121469295401600189e-02
1.518699999999999939e+01 2.775267113133274982e-03 1.254640000000000022e+01 1.424332266358818190e-03 1.372850000000000037e+01 6.046534940188456062e-04 9.872682437639671349e+00 2.533537835466453166e-03
8.613799999999999457e+00 1.144462363891260393e-03 7.927800000000000402e+00 7.712097965677917845e-04 8.351300000000000168e+00 3.783804505408720721e-04 3.908788744040151641e+00 4.127839837574060790e-03
1.440140000000000065e+01 1.940762190762190505e-03 1.204219999999999935e+01 1.064973025993133735e-03 1.314990000000000059e+01 4.622648739324063051e-04 9.229541146699590470e+00 1.799826070866246495e-03
1.777799999999999869e+01 1.270317070317070196e-02 1.465329999999999977e+01 1.687949877959672197e-03 1.593679999999999986e+01 9.478637403313951073e-04 1.165327953562036001e+01 7.279400707691559107e-03
1.748689999999999856e+01 7.317293435773014783e-03 1.445390000000000086e+01 1.891862693849102536e-03 1.572349999999999959e+01 9.064981256209662594e-04 1.123601154592726026e+01 7.159238831747325588e-03
1.453999999999999915e+01 1.295477866603030569e-02 1.193919999999999959e+01 4.522032486463972885e-03 1.321990000000000087e+01 4.169508448540706902e-03 9.307451321470136207e+00 4.886362494351825098e-02
1.170010000000000083e+01 8.841530944625406981e-04 1.021299999999999919e+01 4.082389258413953608e-04 1.101249999999999929e+01 2.693402065436070530e-04 7.016342223915856380e+00 2.290351079912606412e-03
1.647680000000000078e+01 5.889557906156766935e-03 1.351089999999999947e+01 1.767557711718164767e-03 1.476989999999999981e+01 8.959359656723191742e-04 1.069349907575135816e+01 4.722200466054613487e-03
1.534179999999999922e+01 1.994892147135560092e-03 1.273770000000000024e+01 1.308293870271963737e-03 1.391000000000000014e+01 6.576814508801473664e-04 9.953281502536238889e+00 2.820300984462273831e-03
1.669389999999999930e+01 3.941838512924774295e-03 1.396529999999999916e+01 1.560083339320353368e-03 1.516510000000000069e+01 8.024685883222467970e-04 1.059850046867312301e+01 5.476674633491611550e-03
2.132489999999999952e+01 2.560707547169810971e-01 1.780310000000000059e+01 1.438637869352060381e-02 1.937969999999999970e+01 3.879998570560697600e-03 1.535559921215951640e+01 5.251433731023871093e-02
1.779339999999999833e+01 1.372964087000505713e-02 1.467450000000000010e+01 3.105308317126187056e-03 1.596199999999999974e+01 1.011788386808189439e-03 1.162489923829868488e+01 7.403186132779066356e-03
1.569400000000000084e+01 2.466918113241842788e-03 1.305119999999999969e+01 1.050272304284318543e-03 1.423129999999999917e+01 5.880912788902670045e-04 9.899313852550804427e+00 3.048974846593773252e-03
2.097640000000000171e+01 1.374354430379746694e-01 1.681759999999999877e+01 6.130314493817400588e-03 1.830000000000000071e+01 1.956429292201239314e-03 1.418002195736126403e+01 2.419174890584710469e-02
1.759769999999999968e+01 8.807105775470473394e-03 1.451849999999999952e+01 2.452098107412258986e-03 1.579840000000000089e+01 9.985009702309242865e-04 1.132697255285460969e+01 7.568256757475883001e-03
1.607389999999999830e+01 9.525706264256885575e-03 1.292389999999999972e+01 5.607292258431028145e-03 1.486410000000000053e+01 2.260686697066233326e-03 1.194888272695171239e+01 2.493259397582348741e-02
1.641929999999999978e+01 4.514886892880904702e-03 1.361539999999999928e+01 1.846214014861670590e-03 1.483370000000000033e+01 8.360077614882344956e-04 1.043014444562303744e+01 4.090716587288705831e-03
2.058340000000000103e+01 9.271904355251919805e-02 1.683449999999999847e+01 7.813327576280943224e-03 1.827700000000000102e+01 1.453973270482363184e-03 1.410158833050478577e+01 2.489878501411265863e-02
1.647309999999999874e+01 4.287056779594093300e-03 1.357060000000000066e+01 1.281850273314364590e-03 1.480879999999999974e+01 6.102062608891136624e-04 1.100804910345095777e+01 4.503970680718867928e-03
1.786700000000000088e+01 1.148445102602073040e-02 1.440429999999999922e+01 2.387868657766830174e-03 1.576280000000000037e+01 1.112906036347235863e-03 1.180272123383078231e+01 7.198348620670411147e-03
1.626099999999999923e+01 3.639758632249412863e-03 1.339649999999999963e+01 1.538965272856130263e-03 1.462759999999999927e+01 4.932020841188147634e-04 1.012496728007084279e+01 4.227097137637099607e-03
1.796239999999999881e+01 1.246544202066590147e-02 1.470120000000000005e+01 1.779609900016390547e-03 1.600929999999999964e+01 9.545974080782147287e-04 1.201642218789955763e+01 6.198750093042570443e-03
1.041230000000000011e+01 2.364776860584148072e-03 9.409900000000000375e+00 1.370901147741764243e-03 9.992499999999999716e+00 5.722402297941866188e-04 5.499688675694246243e+00 2.440479780248044298e-03
8.263299999999999201e+00 8.465544934271055028e-04 7.593799999999999883e+00 7.660243972992231663e-04 8.012100000000000222e+00 2.963256104650369258e-04 3.848834387928178558e+00 3.922547495530400753e-03
1.501800000000000068e+01 2.064929631038417771e-03 1.256400000000000006e+01 1.028162878787878621e-03 1.369929999999999914e+01 4.909340833250436416e-04 9.336767723783911066e+00 2.534858464511650141e-03
1.753259999999999863e+01 1.433698666314538357e-02 1.433210000000000051e+01 5.211385235672457913e-03 1.564160000000000039e+01 1.275495459511530360e-03 1.130801682930494678e+01 6.724991105017397164e-03
2.188980000000000103e+01 2.966502732240436924e-01 1.848049999999999926e+01 4.167907869481765615e-02 2.008630000000000138e+01 7.182245154461864602e-03 1.564815182762916379e+01 1.336147562363550201e-01
9.705600000000000449e+00 1.619903021260723445e-03 8.443099999999999383e+00 1.148493695523398420e-03 9.146900000000000475e+00 4.667340139709832861e-04 6.406522642100608955e+00 1.130962300574989707e-03
1.755330000000000013e+01 7.771383580273422825e-03 1.405359999999999943e+01 1.816986026273952016e-03 1.540600000000000058e+01 8.183640858658947168e-04 1.278421068777350378e+01 3.458769221690574311e-03
1.687590000000000146e+01 5.920711091722106849e-03 1.371230000000000082e+01 1.204423934506245212e-03 1.500109999999999921e+01 6.239383038146355471e-04 1.183097210851299330e+01 3.275210545608537270e-03
1.602469999999999928e+01 2.373772929010253829e-03 1.313819999999999943e+01 9.147233268180898335e-04 1.437400000000000055e+01 4.187890780191084040e-04 1.099952491485703732e+01 2.542095707681516110e-03
1.463920000000000066e+01 3.824105381797688902e-03 1.193570000000000064e+01 1.668982691302610052e-03 1.313439999999999941e+01 7.263640985843881166e-04 9.898976872769264190e+00 1.561773765575988696e-03
1.658780000000000143e+01 5.866011129720676009e-03 1.338139999999999930e+01 1.866623113158890008e-03 1.468040000000000056e+01 9.411428175167295060e-04 1.185978102294376058e+01 2.918599979378706626e-03
1.379640000000000022e+01 2.618449294585795117e-03 1.141970000000000063e+01 1.108984311161954634e-03 1.253430000000000000e+01 5.441405682268096039e-04 9.324450382884785782e+00 1.976019191339168334e-03
1.821849999999999881e+01 1.356496751624187633e-02 1.491469999999999985e+01 1.874033416183374648e-03 1.623979999999999890e+01 8.899654092690043690e-04 1.227649047644178104e+01 6.636731818626702764e-03
2.168029999999999902e+01 2.025634328358208724e-01 1.833119999999999905e+01 2.227615921214607872e-02 1.986370000000000147e+01 4.005386062640645811e-03 1.579961088817389125e+01 6.438831851758335112e-02
1.655030000000000001e+01 6.876995186217380387e-03 1.344519999999999982e+01 2.423689086322744664e-03 1.472739999999999938e+01 1.105878039091862802e-03 1.151259333409727326e+01 2.724480058962885400e-03
1.544790000000000063e+01 2.407405764966740608e-03 1.266070000000000029e+01 9.158962073154271145e-04 1.387809999999999988e+01 5.053808486473402705e-04 9.826954781734368538e+00 7.145318264988714460e-03
1.649350000000000094e+01 5.918774531181857090e-03 1.372400000000000020e+01 1.332098250435550862e-03 1.493670000000000009e+01 5.879002171311612825e-04 1.065333564996023163e+01 4.721566751264619048e-03
1.897439999999999927e+01 3.467709996806132150e-02 1.555630000000000024e+01 3.367471000558277736e-03 1.689580000000000126e+01 9.839770894129161189e-04 1.261680230091939592e+01 1.178188126590692768e-02
1.676670000000000016e+01 6.406679648315335637e-03 1.400220000000000020e+01 1.260656023222060966e-03 1.521279999999999966e+01 5.970229683436068012e-04 1.066796758027235192e+01 5.191951190313375507e-03
1.860480000000000089e+01 1.591994134897360691e-02 1.482339999999999947e+01 2.472704912432531054e-03 1.621839999999999904e+01 9.283478974639601837e-04 1.289548889626773764e+01 9.545442572062794173e-03
1.272480000000000011e+01 1.066144268347768041e-03 1.070470000000000077e+01 5.959023276491347536e-04 1.170749999999999957e+01 3.547254140270975618e-04 8.400977445073918304e+00 1.822838292516141320e-03
1.738789999999999836e+01 8.051464590285502265e-03 1.432230000000000025e+01 1.551899602641433748e-03 1.559650000000000070e+01 7.058280513570615398e-04 1.154521450120784998e+01 5.132693494520482527e-03
1.662300000000000111e+01 3.974012664250942302e-03 1.358670000000000044e+01 1.071446898375668548e-03 1.485330000000000084e+01 5.511454489154656283e-04 1.126833537776877670e+01 3.267750288816993580e-03
2.122360000000000113e+01 1.202369878183831703e-01 1.755760000000000076e+01 9.664767669574504672e-03 1.906220000000000070e+01 2.528151632282401098e-03 1.471836797294842825e+01 4.444845450971374873e-02
1.776810000000000045e+01 8.722204370179948221e-03 1.456220000000000070e+01 1.328496090643238982e-03 1.585919999999999952e+01 6.296261931547997640e-04 1.190140678219283643e+01 5.399672373513598848e-03
1.694219999999999970e+01 7.153379891948872908e-03 1.386839999999999939e+01 1.433869071987955686e-03 1.514589999999999925e+01 7.869448934180866152e-04 1.133550283175190110e+01 4.322276339690467491e-03
1.576340000000000074e+01 7.852885867206711376e-03 1.298820000000000086e+01 3.901890318407244887e-03 1.420069999999999943e+01 1.615997142304314693e-03 1.015095708879603009e+01 3.347212929823056675e-03
7.603500000000000369e+00 3.762588282587450922e-04 7.011700000000000266e+00 4.860854927383105812e-04 7.386999999999999567e+00 1.922589281919791432e-04 3.379873090736405850e+00 3.870183455631505745e-03
1.304679999999999929e+01 8.733500108591606354e-04 1.128359999999999985e+01 6.359174397900852664e-04 1.219059999999999988e+01 2.427976269010843479e-04 7.701395916218425342e+00 2.430435453724201760e-03
1.722479999999999833e+01 8.652004143756475071e-03 1.428969999999999985e+01 2.420123487060606409e-03 1.553599999999999959e+01 7.257959931280205754e-04 1.104250090233842307e+01 6.746009752096702485e-03
1.616570000000000107e+01 4.263655998429215915e-03 1.334389999999999965e+01 1.892918163115868413e-03 1.456550000000000011e+01 6.979826941126553597e-04 1.059747032215436846e+01 3.817578645812455020e-03
1.728770000000000095e+01 7.718347906447715033e-03 1.414029999999999987e+01 1.236774957853009529e-03 1.542789999999999928e+01 6.905952244653919226e-04 1.191034841142522716e+01 4.068020355396538036e-03
1.705900000000000105e+01 5.604976511279747067e-03 1.395320000000000071e+01 1.208055632823365737e-03 1.523460000000000036e+01 5.315818592194743696e-04 1.162573778797371205e+01 3.772522272460802992e-03
1.818459999999999965e+01 1.250852534562211897e-02 1.472690000000000055e+01 1.162761309115832760e-03 1.607369999999999877e+01 7.627310342889657632e-04 1.278452988206380603e+01 5.628985069984108330e-03
2.162610000000000099e+01 1.938821428571428640e-01 1.766750000000000043e+01 1.301222435282837868e-02 1.922560000000000002e+01 3.000110527770102203e-03 1.632735941063979368e+01 3.178514906742330171e-02
2.106940000000000168e+01 1.262488372093023281e-01 1.683980000000000032e+01 1.159730826746421632e-02 1.838889999999999958e+01 2.080200789362761718e-03 1.521371759913509791e+01 1.905755927410117054e-02
1.823529999999999873e+01 1.306074822567063545e-02 1.477229999999999954e+01 1.726877992142890990e-03 1.612379999999999924e+01 6.595311712215181765e-04 1.246458288370196854e+01 8.754334059684218405e-03
2.055839999999999890e+01 1.908154657293497092e-01 1.676000000000000156e+01 9.962745457882178635e-03 1.830079999999999885e+01 1.727454973588748045e-03 1.484319520080864940e+01 2.080467460411852473e-02
1.983609999999999829e+01 4.125151975683890443e-02 1.584019999999999939e+01 4.629231687558625630e-03 1.726999999999999957e+01 1.341711771829663105e-03 1.388945604128440614e+01 2.530403213485011432e-02
1.522450000000000081e+01 4.491725963925202042e-03 1.234820000000000029e+01 2.103250552090193959e-03 1.416290000000000049e+01 1.249671968877327701e-03 1.062151978171866418e+01 7.238956366935207429e-03
1.571990000000000087e+01 9.091776921788644744e-03 1.294500000000000028e+01 8.383445293799706571e-03 1.432429999999999914e+01 1.114482503772287096e-03 1.028113582868778053e+01 8.258572650896347719e-03
1.867340000000000089e+01 2.264316996871740956e-02 1.521630000000000038e+01 1.958052299368800639e-03 1.656030000000000157e+01 7.373096015809095559e-04 1.275642189243564140e+01 7.991685425270225393e-03
2.131830000000000069e+01 1.327310513447432783e-01 1.884489999999999910e+01 3.121736630247268218e-02 2.045899999999999963e+01 5.369102957175353463e-03 1.640855604846402827e+01 1.150332093268527367e-01
1.750769999999999982e+01 7.766380543633761083e-03 1.424530000000000030e+01 1.469062470401991593e-03 1.555690000000000062e+01 8.193212946263497094e-04 1.224269822263427976e+01 4.577712685100153965e-03
9.922200000000000131e+00 1.271656125556336293e-03 8.824699999999999989e+00 7.899393216244924741e-04 9.453099999999999170e+00 3.067686083045138715e-04 5.869832326780231924e+00 1.854149919348756659e-03
1.602659999999999840e+01 3.750267693689337146e-03 1.306259999999999977e+01 1.271373201091347471e-03 1.432259999999999955e+01 6.987103583196045209e-04 1.076585788894732509e+01 4.248198335285746120e-03
1.678119999999999834e+01 8.970092531394580071e-03 1.379840000000000089e+01 2.160203736495493361e-03 1.505289999999999928e+01 1.130249214049259708e-03 1.104893239580828812e+01 5.201572891043438479e-03
1.072160000000000046e+01 1.463202296403110425e-03 9.577799999999999869e+00 1.058917616767284745e-03 1.022749999999999915e+01 4.453349630644413211e-04 6.005546418394576591e+00 2.661380175581596220e-03
1.144089999999999918e+01 8.641812190579281541e-04 9.967599999999999127e+00 5.698943920720568298e-04 1.075919999999999987e+01 2.454687065494344533e-04 6.965437756318580753e+00 2.336658810807644687e-03
1.530809999999999960e+01 3.283951364103804629e-03 1.234190000000000076e+01 1.347222394560186522e-03 1.361250000000000071e+01 1.351347314705333112e-03 9.981209181055239910e+00 1.773480443886786204e-02
1.868570000000000064e+01 1.794611570247933718e-02 1.518420000000000059e+01 2.309839378789490388e-03 1.653819999999999979e+01 9.139456383578708955e-04 1.283258314686065660e+01 8.553007076083446458e-03
1.056170000000000009e+01 5.648893883582027523e-04 8.892300000000000537e+00 3.570209561640321676e-04 9.763299999999999201e+00 3.076622272598469507e-04 6.740456201234589884e+00 1.509845368954155533e-03
1.670309999999999917e+01 5.897235348433001005e-03 1.352030000000000065e+01 1.471970282398557409e-03 1.481819999999999915e+01 6.268344783788464599e-04 1.185651392292048456e+01 2.727261567773869074e-03
1.352829999999999977e+01 1.425285847434264782e-03 1.106170000000000009e+01 7.568505803213550903e-04 1.220289999999999964e+01 4.663270740632569338e-04 9.596598008735814034e+00 1.922967978565227149e-03
1.411190000000000033e+01 2.875218473597796528e-03 1.160490000000000066e+01 1.822139428724868070e-03 1.275300000000000011e+01 7.795935951748401592e-04 9.797166608882090344e+00 2.523213788196441987e-03
1.787539999999999907e+01 1.962298933670703072e-02 1.411989999999999945e+01 5.033565136764023978e-03 1.551529999999999987e+01 1.768623043216211192e-03 1.314007024726841522e+01 3.692766297966620231e-03
1.614130000000000109e+01 2.981000494206797590e-03 1.329310000000000080e+01 1.126017651390228422e-03 1.452439999999999998e+01 5.141836918326561385e-04 1.085438185247539522e+01 3.527334019181513607e-03
1.532310000000000016e+01 2.980673145555372532e-03 1.248119999999999941e+01 8.415023561507935842e-04 1.371110000000000007e+01 5.121004447756547081e-04 1.091981126821623960e+01 1.814672015748973553e-03
1.694889999999999830e+01 6.802455986467012029e-03 1.372119999999999962e+01 1.307726588376994853e-03 1.503009999999999913e+01 6.471405155714498323e-04 1.223747592005927842e+01 2.860402173315125876e-03
1.104260000000000019e+01 8.175814576916993776e-04 9.367699999999999250e+00 4.046422009458819293e-04 1.024319999999999986e+01 3.723107310148068383e-04 7.435595295021583340e+00 1.491131174043131826e-03
1.738289999999999935e+01 1.436164021164021247e-02 1.395400000000000063e+01 2.309888520125946611e-03 1.528940000000000055e+01 1.201544897191297086e-03 1.245055742845107183e+01 3.920934142475266879e-03
1.111769999999999925e+01 4.933163705756734912e-04 9.567800000000000082e+00 3.379745929170207652e-04 1.039119999999999955e+01 2.552652243627420519e-04 7.118656782373228964e+00 1.694301877966404926e-03
1.428279999999999994e+01 1.962653651482284753e-03 1.175629999999999953e+01 1.285462273421498136e-03 1.291189999999999927e+01 5.424089523904680049e-04 9.785641730050519627e+00 2.011430816406692065e-03
1.170359999999999978e+01 4.084862074673809539e-04 1.002069999999999972e+01 3.977637831045460325e-04 1.089729999999999954e+01 2.106372040236295976e-04 7.483122926615781267e+00 1.725436183934067527e-03
1.501179999999999914e+01 2.637852283770650633e-03 1.230180000000000007e+01 1.229005127740737720e-03 1.349970000000000070e+01 6.322513771939018874e-04 1.013055972644587399e+01 1.789703070189316726e-03
1.762030000000000030e+01 7.344020562770562505e-03 1.424130000000000074e+01 1.174395084963926689e-03 1.560299999999999976e+01 1.520473896482186713e-03 1.170746124609759597e+01 1.464485340057230904e-02
2.086749999999999972e+01 1.551057142857142634e-01 1.647370000000000090e+01 4.737292202975696732e-03 1.803079999999999927e+01 1.830865738086405025e-03 1.486422194589471779e+01 2.558394303465695921e-02
1.780969999999999942e+01 1.684362395283896946e-02 1.428040000000000020e+01 1.494274704101293625e-03 1.563669999999999938e+01 8.972242192858500718e-04 1.290711135365545026e+01 3.708185940170463310e-03
9.695399999999999352e+00 1.247073957938504146e-03 8.462799999999999656e+00 8.487449481328610858e-04 9.153800000000000381e+00 3.695746151044485592e-04 6.308526765842017880e+00 1.843102640857335189e-03
1.429690000000000083e+01 2.750798074486951808e-03 1.156559999999999988e+01 1.318926141885325316e-03 1.277439999999999998e+01 7.956179240098192702e-04 9.998214094013368580e+00 2.188928735722866885e-03
5.800500000000000433e+00 1.130355116446128553e-03 5.308799999999999741e+00 1.563903492978033780e-03 5.623000000000000220e+00 5.870038872639391902e-04 2.750181977045051518e+00 4.316354369423960717e-03
6.470799999999999663e+00 6.198986000411080754e-04 5.910899999999999821e+00 8.577364870202714439e-04 6.267800000000000260e+00 2.430101077020868790e-04 3.086705762904325745e+00 2.619805728889953392e-03
1.286570000000000036e+01 2.612149645134127351e-03 1.043130000000000024e+01 9.595496283727054021e-04 1.156409999999999982e+01 6.504669985681505199e-04 8.926126812044611114e+00 4.460349083055493297e-02
1.507249999999999979e+01 4.598644642100804640e-03 1.218140000000000001e+01 1.778589565074944426e-03 1.341750000000000043e+01 1.060272260307415721e-03 1.072078668161327464e+01 1.832453794043355537e-03
1.709349999999999881e+01 6.541390528979395234e-03 1.390499999999999936e+01 8.574790712367713315e-04 1.523760000000000048e+01 2.344605683683164809e-03 1.122248567687559273e+01 1.928468552713230588e-02
1.498140000000000072e+01 1.697768604087504301e-03 1.218399999999999928e+01 6.958622811290280426e-04 1.340070000000000050e+01 3.976690864606300681e-04 1.019769536090443296e+01 2.678882625908471805e-03
1.154620000000000068e+01 1.844332331108053261e-03 9.784200000000000230e+00 1.280776671542490416e-03 1.068939999999999912e+01 4.262601437696544133e-04 7.644781590606683608e+00 1.352838221781566290e-03
1.693990000000000151e+01 5.593138264990726513e-03 1.389559999999999995e+01 1.317565681694071993e-03 1.516469999999999985e+01 5.647512886799028456e-04 1.135267000399623605e+01 4.061492366802700073e-03
1.610470000000000113e+01 3.942697363642965781e-03 1.326110000000000078e+01 1.192439485129376557e-03 1.450459999999999994e+01 6.682381614741688151e-04 1.087099565813288393e+01 6.830048527843448659e-03
1.499130000000000074e+01 5.995913408438258325e-03 1.220940000000000047e+01 2.716251375963174043e-03 1.342469999999999963e+01 1.265357496649379332e-03 1.045194408155787968e+01 1.991910195396608130e-03
1.626950000000000074e+01 4.512822644332681495e-03 1.319009999999999927e+01 1.166446428379583344e-03 1.446799999999999997e+01 5.891731151170488331e-04 1.144218385639577917e+01 2.690626524204823428e-03
5.494299999999999962e+00 1.034313912281370268e-03 5.176800000000000068e+00 2.673380444685199194e-03 5.381700000000000372e+00 8.143681135287984428e-04 1.749137048485918555e+00 2.292997223002730262e-02
1.193379999999999974e+01 9.007674119550337965e-04 1.041510000000000069e+01 5.566470135862598961e-04 1.122380000000000067e+01 5.609407048053027768e-04 7.084040170901278799e+00 2.969985896238252956e-03
1.885429999999999851e+01 5.068814192343603503e-02 1.522639999999999993e+01 4.476355390641104104e-03 1.659550000000000125e+01 1.591877428341030619e-03 1.284198107772138364e+01 9.690091637679715958e-03
2.153579999999999828e+01 1.092293762575452659e-01 1.793830000000000169e+01 3.031099944165270565e-02 1.952029999999999887e+01 4.801185106571150690e-03 1.564231778882419377e+01 6.248713441913721078e-02
1.524230000000000018e+01 2.582021403091557671e-02 1.252619999999999933e+01 6.800325692095703090e-03 1.379870000000000019e+01 7.995610934370212062e-04 1.065061770303826982e+01 2.285970076467854634e-03
1.588909999999999911e+01 4.764107064501974138e-03 1.313940000000000019e+01 1.611846793349168590e-03 1.434479999999999933e+01 7.722135688935355792e-04 1.050138321454750390e+01 3.464078889398908897e-03
5.403299999999999770e+00 9.054548790352845390e-04 5.157499999999999751e+00 1.601386430678465979e-03 5.316399999999999793e+00 6.265848717963514889e-04 1.257244292933481944e+00 1.256745272078556817e-02
1.028839999999999932e+01 1.004700830973664092e-03 8.856700000000000017e+00 6.997009769803830270e-04 9.632899999999999352e+00 3.144538603675877948e-04 6.854607572513149449e+00 1.772690820967763549e-03
1.808119999999999905e+01 1.036011450381679397e-02 1.458489999999999931e+01 1.672350322689955667e-03 1.593810000000000038e+01 6.974760225352835772e-04 1.280973337074780183e+01 5.861707071489938824e-03
6.457200000000000273e+00 6.713951791434259828e-04 5.899000000000000021e+00 9.867672452967372887e-04 6.253899999999999793e+00 2.342819781931800233e-04 3.238904590038478304e+00 3.097043853621105416e-02
1.452030000000000065e+01 1.446284184305523905e-03 1.463499999999999979e+01 1.128733457392063714e-03 1.454780000000000051e+01 7.802154370180872014e-04 1.182864290833813747e+01 2.924863115137765843e-03
1.540659999999999918e+01 3.405174847106789623e-03 1.272439999999999927e+01 1.101055684572402110e-03 1.391600000000000037e+01 7.151542297077440003e-04 1.009805643871983349e+01 3.295118806809639155e-03
1.814789999999999992e+01 9.065208315938882641e-03 1.467370000000000019e+01 1.936953651835729862e-03 1.608640000000000114e+01 1.669701350229139090e-03 1.208613528962609429e+01 1.636425469662051643e-02
2.134530000000000172e+01 1.776988543371521845e-01 1.746239999999999881e+01 1.208122844108156131e-02 1.899010000000000176e+01 2.500034539132837269e-03 1.467797816841020619e+01 4.301967369959525805e-02
7.895500000000000185e+00 4.699257720357505937e-04 7.308699999999999974e+00 4.308304002603060667e-04 7.680100000000000371e+00 2.366446820660583837e-04 3.260813269268969528e+00 9.246660631816817910e-03
9.960599999999999454e+00 2.024010588520403549e-03 9.012700000000000600e+00 1.516841531734167874e-03 9.570899999999999963e+00 5.395598006231768070e-04 5.329587405192592442e+00 2.731790444097071183e-03
1.489669999999999916e+01 2.001511632194078426e-03 1.252490000000000059e+01 9.962105572224209601e-04 1.363729999999999976e+01 5.730768824752715141e-04 9.236712289924913222e+00 2.925287528607831491e-03
1.167830000000000013e+01 1.755440582053354771e-03 1.033649999999999913e+01 1.040339580698324863e-03 1.107370000000000054e+01 4.748750202285718924e-04 6.633203564328072233e+00 2.950212740769181906e-03
2.028960000000000008e+01 1.303409363745497984e-01 1.645939999999999870e+01 1.297180406212664061e-02 1.817579999999999885e+01 3.975758907319931236e-03 1.474154915734247240e+01 2.302041401184297051e-02
1.556739999999999924e+01 2.228759109103972246e-03 1.279529999999999923e+01 8.070016352014269465e-04 1.400670000000000037e+01 5.189440830509364864e-04 1.061085736722622741e+01 2.000032332395435507e-03
1.580540000000000056e+01 3.987293426367975908e-03 1.315189999999999948e+01 1.547806748684904315e-03 1.433750000000000036e+01 6.737616819530114652e-04 9.896835734022348063e+00 5.884455080594169600e-03
1.732880000000000109e+01 8.939074592458422577e-03 1.426280000000000037e+01 2.338495336966120268e-03 1.553899999999999970e+01 1.095976419760563573e-03 1.123556122789334744e+01 6.091359833534310333e-03
1.940200000000000102e+01 3.306151035322776877e-02 1.578659999999999997e+01 2.954474951699365484e-03 1.716049999999999898e+01 1.176584054877057592e-03 1.302628560076734310e+01 1.247609389694853861e-02
1.306039999999999957e+01 7.640406741493965814e-04 1.103700000000000081e+01 5.125984958288284758e-04 1.204069999999999929e+01 2.810533482090853932e-04 8.383706853698315697e+00 2.024828476147100698e-03
1.915660000000000096e+01 3.157138703111369432e-02 1.570689999999999920e+01 1.675653985647040370e-03 1.708399999999999963e+01 9.060669281482099493e-04 1.277803882608857222e+01 1.575135277538224424e-02
1.074179999999999957e+01 1.492508179143870340e-03 9.657400000000000873e+00 1.023038000923404568e-03 1.028090000000000082e+01 4.171639124437596176e-04 5.823386856741295858e+00 3.066338005274789336e-03
1.160859999999999914e+01 8.000147367645431880e-04 1.003950000000000031e+01 5.002995143260005736e-04 1.087439999999999962e+01 2.341869759997929176e-04 7.055574315452812328e+00 9.616167626757751719e-03
1.581729999999999947e+01 5.481043969912665487e-03 1.303839999999999932e+01 2.090132060216378079e-03 1.425050000000000061e+01 1.083929837171922900e-03 1.058917386160927876e+01 3.160960766823288012e-03
1.700550000000000139e+01 1.150270155736836386e-02 1.386979999999999968e+01 2.015668801633713810e-03 1.521499999999999986e+01 4.428880277381194892e-03 1.109820508646333437e+01 3.098537571876262137e-02
1.807839999999999847e+01 1.690920417380470386e-02 1.456390000000000029e+01 1.888473379367923031e-03 1.592079999999999984e+01 7.308132412530457230e-04 1.221614005881158960e+01 7.303994356700906077e-03
1.819369999999999976e+01 1.249844595372395437e-02 1.488000000000000078e+01 1.815011701771982377e-03 1.620299999999999940e+01 6.917435985652121326e-04 1.215297669982159157e+01 9.399497144223370806e-03
1.953969999999999985e+01 4.072543135783945889e-02 1.586710000000000065e+01 2.952466416489911080e-03 1.727479999999999905e+01 1.143775151170385324e-03 1.327055785602544269e+01 1.916393147606738900e-02
1.394549999999999912e+01 1.935710465323586945e-03 1.177020000000000088e+01 1.216270107989425109e-03 1.282380000000000031e+01 4.846469398777825707e-04 8.702808164241398359e+00 2.507037292471915764e-03
2.094450000000000145e+01 1.226824858757062098e-01 1.902199999999999847e+01 4.037709185570843851e-02 2.060810000000000031e+01 9.017774086378736731e-03 1.713076805203258957e+01 1.244753785343130498e-01
1.899960000000000093e+01 2.273324958123952924e-02 1.561669999999999980e+01 2.643504090377872800e-03 1.694889999999999830e+01 9.829704404508623084e-04 1.259541553858025331e+01 1.175306918710435598e-02
1.747419999999999973e+01 7.087538351067301963e-03 1.440709999999999980e+01 1.512846951287481929e-03 1.568140000000000001e+01 6.630635252158830232e-04 1.142872725497726094e+01 6.366799696658514106e-03
1.645279999999999987e+01 5.220907866897479474e-03 1.340830000000000055e+01 2.218285831034835093e-03 1.467350000000000065e+01 1.033673848262992977e-03 1.141667906714022251e+01 2.961297893535666786e-03
1.797350000000000136e+01 9.065208315938882641e-03 1.453860000000000063e+01 1.032464815519208885e-03 1.587800000000000011e+01 5.630029868082634141e-04 1.197840962466907477e+01 5.624704727620748711e-03
1.747500000000000142e+01 1.532232571267287506e-02 1.442489999999999917e+01 2.536538641248481038e-03 1.569209999999999994e+01 1.147668174707200438e-03 1.129891420281695602e+01 8.926480138607830600e-03
1.811459999999999937e+01 1.793425834159233581e-02 1.484200000000000053e+01 1.613044124201455870e-03 1.616479999999999961e+01 7.907850749095040677e-04 1.220095154924176661e+01 7.492095974204993417e-03
1.652860000000000085e+01 9.883841602184797667e-03 1.362190000000000012e+01 3.123982160840166680e-03 1.486459999999999937e+01 1.498792120484256129e-03 1.074650346121635103e+01 4.868717539518510433e-03
1.668980000000000175e+01 4.319462126034372650e-03 1.376099999999999923e+01 2.007803831644352187e-03 1.500399999999999956e+01 9.420819269581513994e-04 1.095565849085145693e+01 4.925609822552887845e-03
2.025880000000000081e+01 1.153815090329436688e-01 1.588739999999999952e+01 4.214829192546583510e-03 1.765630000000000166e+01 2.298543483783554563e-03 1.414466493509727130e+01 2.636136446071353848e-02
1.667539999999999978e+01 5.425173637135861579e-03 1.352769999999999939e+01 1.461272392027025213e-03 1.520120000000000005e+01 3.053777352759182682e-03 1.159142218266440416e+01 7.118757619030612049e-02
9.219799999999999329e+00 1.304004227618841627e-03 8.306499999999999773e+00 1.055192186209242405e-03 8.847300000000000608e+00 3.767288221455784522e-04 5.118106104237131859e+00 2.493511541321749049e-03
1.278260000000000041e+01 1.436088037669964448e-03 1.089269999999999960e+01 9.158035021424473874e-04 1.184839999999999982e+01 5.014108443360718557e-04 8.019594001735333322e+00 2.130153687083268833e-03
2.119150000000000134e+01 1.298732057416268071e-01 1.888489999999999824e+01 3.521699643204670438e-02 2.051350000000000051e+01 6.096238068500841635e-03 1.671587181733939076e+01 1.141947845493436892e-01
1.871839999999999904e+01 2.502858460119870496e-02 1.523980000000000068e+01 1.995552124687545708e-03 1.659649999999999892e+01 9.908194926081402478e-04 1.274925548147542465e+01 1.169627556449416746e-02
1.726119999999999877e+01 6.740795927236605152e-03 1.409019999999999939e+01 1.380400233935972750e-03 1.538610000000000078e+01 8.475457440829325343e-04 1.177334379632242367e+01 4.643787830245691556e-03
1.824930000000000163e+01 1.168593262296846458e-02 1.482740000000000080e+01 2.597961332312403917e-03 1.616489999999999938e+01 1.052450975640491053e-03 1.245952241438439678e+01 6.260661062499712701e-03
1.957710000000000150e+01 3.371863354037266808e-02 1.543469999999999942e+01 3.157322321740141640e-03 1.686449999999999960e+01 1.329309352694148932e-03 1.391484145619181234e+01 9.067497801112468780e-03
1.819679999999999964e+01 2.812797927461139699e-02 1.497320000000000029e+01 1.857045120240823684e-03 1.628170000000000073e+01 9.313740628270454364e-04 1.222155850823698486e+01 8.288483384229595324e-03
1.113230000000000075e+01 1.031415353339602955e-03 9.721299999999999386e+00 5.919774929256470643e-04 1.048799999999999955e+01 3.019274032752785253e-04 6.737536649679588763e+00 1.959273818043605602e-03
1.844869999999999877e+01 1.122443916054998402e-02 1.509999999999999964e+01 1.886930830726451158e-03 1.643009999999999948e+01 7.596359031407202370e-04 1.257351304856482521e+01 8.018606255123638532e-03
1.769170000000000087e+01 1.120243499793644078e-02 1.449440000000000062e+01 1.944690225860185159e-03 1.579829999999999934e+01 9.277688054893315234e-04 1.171678404317340316e+01 6.424571316015830272e-03
1.859430000000000049e+01 2.054380321665089798e-02 1.505090000000000039e+01 2.744748085041838134e-03 1.646450000000000102e+01 3.291417831266862243e-03 1.221275056549057680e+01 1.725142793296285948e-02
1.495960000000000001e+01 2.264080909185694525e-03 1.235430000000000028e+01 9.189582645642366135e-04 1.352570000000000050e+01 4.609401865429273875e-04 9.828918533675125246e+00 2.118094595848734989e-03
1.618819999999999837e+01 7.433520471039298597e-03 1.328100000000000058e+01 3.269808763740400265e-03 1.519819999999999993e+01 1.530914679714047823e-03 1.099618633993704186e+01 1.349547864711678896e-02
1.795530000000000115e+01 1.174661906307475703e-02 1.460890000000000022e+01 1.586411455289304549e-03 1.593720000000000070e+01 5.443642799484584927e-04 1.220376884733367362e+01 6.980778457800050456e-03
1.340970000000000084e+01 1.837123519458544740e-01 1.097979999999999912e+01 1.609934756820877860e-02 1.265779999999999994e+01 1.498916269759094280e-03 9.035623575349250203e+00 5.132889884764810749e-03
1.352960000000000029e+01 2.669633636587164655e-02 1.123070000000000057e+01 3.626386105544422006e-02 1.258580000000000076e+01 3.837784721534915808e-04 8.960743408853424796e+00 4.554892195635981862e-03
5.589400000000000368e+00 1.033368865877336415e-03 5.272899999999999920e+00 1.735157336231281724e-03 5.479199999999999626e+00 6.546004835315891992e-04 1.918096715198696067e+00 8.385070883177256698e-03
1.311899999999999977e+01 1.476333573555606900e-03 1.106439999999999912e+01 8.770254769867040674e-04 1.207929999999999993e+01 4.694198725431701484e-04 8.390605963543221080e+00 2.008433460008728598e-03
8.026600000000000179e+00 5.467794732336203178e-04 7.352599999999999802e+00 6.620325485820208536e-04 7.770699999999999719e+00 3.078558912095452345e-04 3.836162756262417872e+00 4.290457748948835366e-03
9.893599999999999284e+00 2.040519460993440656e-03 8.888299999999999201e+00 1.344836128520821234e-03 9.473599999999999355e+00 5.571497480423247533e-04 5.543976042514042746e+00 2.001099605396829996e-03
1.602629999999999910e+01 5.270582524271844038e-03 1.319389999999999930e+01 1.388805034664483641e-03 1.442340000000000089e+01 7.150694494754242540e-04 1.033404607026499278e+01 5.013803332216837209e-03
1.757110000000000127e+01 3.865218939124243080e-02 1.413959999999999972e+01 3.848777029422190219e-03 1.622510000000000119e+01 1.379628453073775476e-03 1.230869983595139239e+01 1.505311987132243456e-02
1.757849999999999824e+01 2.539148737137511547e-02 1.420020000000000060e+01 1.525344197808372812e-02 1.619350000000000023e+01 1.299789302303308667e-03 1.224495880126861280e+01 1.511006994605644527e-02
1.421659999999999968e+01 2.000036841911358079e-03 1.190360000000000085e+01 8.271296451480199827e-04 1.299890000000000079e+01 3.900334445757639768e-04 9.163118498115602861e+00 2.269516506333382842e-03
1.377219999999999978e+01 1.409338127441945015e-03 1.166189999999999927e+01 1.083518786487700164e-03 1.269500000000000028e+01 4.094103983468830115e-04 8.611776351302562915e+00 2.533208118863558220e-03
1.161250000000000071e+01 1.050028529704741601e-03 1.019209999999999994e+01 7.208758813921679626e-04 1.096160000000000068e+01 4.195302145680624719e-04 6.791825439256127694e+00 2.920744196715867411e-03
1.469890000000000008e+01 1.899707801865168928e-03 1.229260000000000019e+01 9.305757923787647077e-04 1.341310000000000002e+01 5.298231060143955172e-04 9.347316851622350597e+00 2.603586294713359367e-03
1.819889999999999830e+01 1.591760738894590355e-02 1.495599999999999952e+01 3.132002538510355715e-03 1.626389999999999958e+01 1.127362212900278162e-03 1.201860276982738540e+01 9.344107449519637593e-03
1.784110000000000085e+01 1.052277573173095344e-02 1.462229999999999919e+01 1.855585179108558804e-03 1.592210000000000036e+01 8.920713170651548701e-04 1.206423012733554678e+01 6.145368703527880928e-03
6.428600000000000314e+00 6.966481020455303529e-04 6.027999999999999581e+00 6.820746064253495680e-04 6.290199999999999569e+00 2.335783696800328613e-04 2.307947983753705579e+00 3.764760465708954715e-03
1.774249999999999972e+01 1.523204264870931489e-02 1.455840000000000067e+01 1.766608633397874755e-03 1.585890000000000022e+01 1.075128481883806794e-03 1.198247152265198778e+01 6.895023159252494128e-03
4.664600000000000080e+00 1.357327699366178654e-03 4.440000000000000391e+00 3.862468872287441474e-03 4.583000000000000185e+00 1.313723592188369453e-03 9.053181710244064817e-01 2.096576061964173371e-02
1.795279999999999987e+01 1.210007801181321556e-02 1.473339999999999961e+01 1.562980450868050632e-03 1.604029999999999845e+01 8.080707342849913514e-04 1.213494592544043371e+01 6.936131083254239334e-03
1.617729999999999890e+01 6.526056380357034628e-03 1.330949999999999989e+01 2.419745932694450374e-03 1.453880000000000017e+01 1.147401348466594705e-03 1.071732579352727122e+01 3.882357315717241755e-03
2.176150000000000162e+01 2.542716627634660775e-01 1.867190000000000083e+01 3.000110527770102203e-02 2.025039999999999907e+01 5.443943040513436922e-03 1.643497481813752614e+01 1.007811389605691721e-01
1.496460000000000079e+01 2.825755406917731388e-03 1.224239999999999995e+01 1.349097280035785633e-03 1.402030000000000065e+01 7.667709517722581802e-04 1.015639022385593826e+01 8.313899332506572218e-03
1.550370000000000026e+01 5.199655188927732909e-03 1.279550000000000054e+01 2.212274338807612359e-03 1.399269999999999925e+01 1.197489742797899943e-03 1.018004166624784368e+01 2.936167823343717367e-03
1.387390000000000079e+01 1.534614840989399114e-03 1.167549999999999955e+01 7.643472628970488219e-04 1.273579999999999934e+01 3.783989126267730402e-04 8.775721233830781287e+00 2.430723133316034512e-03
1.908289999999999864e+01 3.012597114317424815e-02 1.556709999999999994e+01 3.207598451948358385e-03 1.692370000000000019e+01 9.853165384056917445e-04 1.276456631085117088e+01 1.304781004172420565e-02
1.699940000000000140e+01 5.098807175730252737e-03 1.397600000000000087e+01 9.313580839967059355e-04 1.523850000000000016e+01 6.359882144133272453e-04 1.134047889115798036e+01 4.364432592573242765e-03
1.799470000000000169e+01 9.966403524876078779e-03 1.472659999999999947e+01 2.034935807328273113e-03 1.603729999999999833e+01 7.275176059877108648e-04 1.210249685625479543e+01 6.831679352294430831e-03
1.716270000000000095e+01 4.553132600855489161e-03 1.408530000000000015e+01 1.120486279528168372e-03 1.536079999999999934e+01 4.587685495047831704e-04 1.140058671486468533e+01 5.031943586155598544e-03
1.830870000000000175e+01 2.909271168274383396e-02 1.503200000000000003e+01 2.889296929054233683e-03 1.639549999999999841e+01 9.191449735449734723e-04 1.270728075799345902e+01 9.959874045160984832e-03
1.815700000000000003e+01 1.479209809264304953e-02 1.484559999999999924e+01 2.019718362259798321e-03 1.616740000000000066e+01 8.268335960643652003e-04 1.233098324889084196e+01 7.807784809060871155e-03
1.411239999999999917e+01 3.680724116889280174e-03 1.163630000000000031e+01 1.485097594003474122e-03 1.330400000000000027e+01 1.346604157364687197e-03 9.375569487121998336e+00 3.462790339839198761e-02
nan nan nan nan 1.512560000000000038e+01 8.928782894736841166e-04 1.157755404720114356e+01 9.015721233169134152e-03
1.667980000000000018e+01 1.361088128369061095e-02 1.351490000000000080e+01 2.623827936201062958e-02 1.502280000000000015e+01 6.920831208567057406e-04 1.153510403955189823e+01 9.835288676819991735e-03
1.543900000000000006e+01 2.330914555603262953e-03 1.274869999999999948e+01 1.215562024182713667e-03 1.394340000000000046e+01 5.735006708289754930e-04 1.034924886704867930e+01 2.559775832250814950e-03
1.784629999999999939e+01 9.059157279933250165e-03 1.456269999999999953e+01 2.261911210183121038e-03 1.590670000000000073e+01 7.620404553685480604e-04 1.232162220066977376e+01 5.914289023419561087e-03
1.298949999999999960e+01 1.179062822392354772e-03 1.107740000000000080e+01 6.101376791233492072e-04 1.205139999999999922e+01 3.283395226747631455e-04 8.076203070578010568e+00 2.577030426548145882e-03
1.843479999999999919e+01 2.297862433862433648e-02 1.493909999999999982e+01 2.113485945651327226e-03 1.630359999999999943e+01 9.276182013909060756e-04 1.242445175844590821e+01 7.757416080421779096e-03
1.830420000000000158e+01 3.190537760799294631e-02 1.495470000000000077e+01 2.761994403459679115e-02 1.647220000000000084e+01 9.967684483043533650e-04 1.238241772971532129e+01 1.014180040306055658e-02
1.847530000000000072e+01 3.198055964653902239e-02 1.509639999999999915e+01 1.151734379972419592e-02 1.649490000000000123e+01 8.618010080565146952e-04 1.238214960485912464e+01 8.779089518331577649e-03
1.868870000000000076e+01 2.834090315844426528e-02 1.518239999999999945e+01 3.378893971929169526e-03 1.653500000000000014e+01 1.028435570037509886e-03 1.276786217060850070e+01 7.931667581833137110e-03
1.450220000000000020e+01 1.553142791748920093e-03 1.217769999999999975e+01 8.362395637573554830e-04 1.327599999999999980e+01 3.497107592408879714e-04 9.284487378696137938e+00 2.001504184031745442e-03
1.696359999999999957e+01 9.521529422081906682e-03 1.400399999999999956e+01 1.465552615949462616e-03 1.525900000000000034e+01 5.981544224995178401e-04 1.133136475261688503e+01 4.593820613322674960e-03
2.079820000000000135e+01 1.228212669683257791e-01 1.728040000000000020e+01 1.289630597458130308e-02 1.876689999999999969e+01 2.645436382242580611e-03 1.404340932173720091e+01 2.694189303866510385e-02
1.938260000000000005e+01 3.715742642026009790e-02 1.599450000000000038e+01 3.443514113542657431e-03 1.732499999999999929e+01 9.781617686805167688e-04 1.268937298405494474e+01 1.226335899461839136e-02
2.027629999999999910e+01 7.783082437275985754e-02 1.589719999999999978e+01 4.102705562273276443e-03 1.740830000000000055e+01 1.473108650819494100e-03 1.374966835983308044e+01 1.164461180261998699e-02
